# Configuracion:
# Concentracion g/m^3_=_9700.0
# C_Vs_to_Am_M_A/Vsm_=_25649819763.59163
# pendiente_HvsI_1/m_=_3716.3
# ordenada_HvsI_A/m_=_1297.0
# frecuencia_ref_Hz_=_135205.7987885014
# 
Resultados:
# tau_ns_=_(7.91+/-0.46)e+01
# dphi_rad_=_6.35+/-0.00
# SAR_W/g_=_56.38+/-8.31
# Hc_kA/m_=_3.12+/-0.08
# Mr_A/m_=_81.84+/-6.83
# Magnetizacion_max_emu/g_=_35+/-4
# Suceptibilidad_a_M=0_=_(2.802+/-0.178)e-02

Nombre_archivo	Time_m_(s)	Temperatura_(ºC)	Mr_(A/m)	Hc_(kA/m)	Campo_max_(A/m)	Mag_max_(A/m)	f0	mag0	dphi0	SAR_(W/g)	Tau_(ns)	N	xi_M_0
135kHz_100dA_100Mss_bobN5NE0011.txt	78.52	19.15	87.27	3.15	38460.00	403.11	1.351960e+05	3.424696e+01	6.354821e+00	70.59	84.473429	4438	2.942e-02
135kHz_100dA_100Mss_bobN5NE0012.txt	79.03	19.20	88.31	3.19	38460.00	396.09	1.351960e+05	3.375467e+01	6.356021e+00	70.74	85.893994	4438	2.942e-02
135kHz_100dA_100Mss_bobN5NE0013.txt	79.61	19.20	89.05	3.17	38460.00	400.28	1.351960e+05	3.410146e+01	6.354847e+00	70.31	84.506320	4438	2.992e-02
135kHz_100dA_100Mss_bobN5NE0014.txt	80.12	19.21	90.62	3.24	38460.00	399.70	1.351960e+05	3.394885e+01	6.358729e+00	73.78	89.099599	4438	2.986e-02
135kHz_100dA_100Mss_bobN5NE0015.txt	81.1	19.31	90.52	3.21	38460.00	404.11	1.351960e+05	3.436197e+01	6.356076e+00	72.06	85.960859	4438	3.014e-02
135kHz_100dA_100Mss_bobN5NE0016.txt	81.64	19.36	92.30	3.25	38460.00	407.49	1.351960e+05	3.452630e+01	6.359275e+00	75.58	89.748309	4438	3.030e-02
135kHz_100dA_100Mss_bobN5NE0017.txt	82.16	19.40	91.23	3.24	38460.00	398.44	1.351960e+05	3.392270e+01	6.357868e+00	72.89	88.080850	4438	3.001e-02
135kHz_100dA_100Mss_bobN5NE0018.txt	82.69	19.40	90.86	3.23	38460.00	396.66	1.351960e+05	3.382254e+01	6.356428e+00	71.27	86.377834	4438	3.001e-02
135kHz_100dA_100Mss_bobN5NE0019.txt	83.7	19.47	91.74	3.23	38460.00	402.48	1.351656e+05	3.425432e+01	6.357508e+00	73.23	87.655624	4439	3.030e-02
135kHz_100dA_100Mss_bobN5NE0020.txt	84.2	19.52	92.64	3.26	38460.00	402.82	1.351960e+05	3.417863e+01	6.359521e+00	75.06	90.037199	4438	3.043e-02
135kHz_100dA_100Mss_bobN5NE0021.txt	84.71	19.57	88.65	3.14	38460.00	398.32	1.351960e+05	3.391091e+01	6.349874e+00	65.07	78.621698	4438	3.007e-02
135kHz_100dA_100Mss_bobN5NE0022.txt	85.22	19.60	90.14	3.19	38460.00	396.32	1.351960e+05	3.384638e+01	6.353829e+00	68.80	83.300568	4438	3.019e-02
135kHz_100dA_100Mss_bobN5NE0023.txt	85.72	19.60	92.01	3.25	38460.00	395.79	1.351960e+05	3.364505e+01	6.358990e+00	73.37	89.408924	4438	3.022e-02
135kHz_100dA_100Mss_bobN5NE0024.txt	86.23	19.62	88.89	3.14	38460.00	396.10	1.351656e+05	3.376590e+01	6.350081e+00	64.98	78.868186	4439	3.023e-02
135kHz_100dA_100Mss_bobN5NE0025.txt	86.73	19.67	92.83	3.27	38460.00	400.35	1.351960e+05	3.401661e+01	6.359687e+00	74.87	90.235785	4438	3.034e-02
135kHz_100dA_100Mss_bobN5NE0026.txt	87.25	19.70	89.44	3.16	38460.00	399.10	1.351960e+05	3.398797e+01	6.350690e+00	66.02	79.589005	4438	3.035e-02
135kHz_100dA_100Mss_bobN5NE0027.txt	87.76	19.70	92.38	3.26	38460.00	396.59	1.351960e+05	3.378921e+01	6.358846e+00	73.55	89.237999	4438	3.021e-02
135kHz_100dA_100Mss_bobN5NE0028.txt	88.25	19.70	91.33	3.22	38460.00	396.20	1.351960e+05	3.377671e+01	6.355965e+00	70.73	85.828047	4438	3.029e-02
135kHz_100dA_100Mss_bobN5NE0029.txt	88.77	19.70	88.33	3.12	38460.00	399.62	1.351960e+05	3.396895e+01	6.347322e+00	62.70	75.606386	4438	3.036e-02
135kHz_100dA_100Mss_bobN5NE0030.txt	89.27	19.73	91.26	3.22	38460.00	398.49	1.351960e+05	3.394423e+01	6.355127e+00	70.26	84.836263	4438	3.037e-02
135kHz_100dA_100Mss_bobN5NE0031.txt	89.77	19.78	91.53	3.23	38460.00	395.01	1.351656e+05	3.364109e+01	6.356702e+00	71.14	86.701217	4439	3.031e-02
135kHz_100dA_100Mss_bobN5NE0032.txt	90.28	19.83	89.18	3.16	38460.00	395.18	1.351960e+05	3.367927e+01	6.350116e+00	64.86	78.909732	4438	3.018e-02
135kHz_100dA_100Mss_bobN5NE0033.txt	90.8	19.88	90.50	3.20	38460.00	398.09	1.351960e+05	3.394463e+01	6.353267e+00	68.45	82.636424	4438	3.031e-02
135kHz_100dA_100Mss_bobN5NE0034.txt	91.33	19.90	87.80	3.12	38460.00	396.38	1.351960e+05	3.365833e+01	6.346416e+00	61.25	74.535674	4438	3.014e-02
135kHz_100dA_100Mss_bobN5NE0035.txt	91.83	19.90	91.57	3.22	38460.00	395.40	1.351960e+05	3.366510e+01	6.356952e+00	71.45	86.995848	4438	3.031e-02
135kHz_100dA_100Mss_bobN5NE0036.txt	92.34	19.93	92.12	3.25	38460.00	396.39	1.351960e+05	3.376223e+01	6.357856e+00	72.53	88.067689	4438	3.039e-02
135kHz_100dA_100Mss_bobN5NE0037.txt	92.86	19.99	91.48	3.24	38460.00	391.55	1.351960e+05	3.347414e+01	6.356707e+00	70.81	86.706902	4438	3.010e-02
135kHz_100dA_100Mss_bobN5NE0038.txt	93.91	20.00	90.61	3.19	38460.00	398.87	1.351960e+05	3.401667e+01	6.353244e+00	68.57	82.608649	4438	3.040e-02
135kHz_100dA_100Mss_bobN5NE0039.txt	94.44	20.04	88.79	3.17	38460.00	385.25	1.351960e+05	3.296287e+01	6.350521e+00	63.87	79.386317	4438	2.993e-02
135kHz_100dA_100Mss_bobN5NE0040.txt	94.94	20.09	90.19	3.20	38460.00	392.35	1.351960e+05	3.355678e+01	6.353529e+00	67.92	82.944632	4438	3.018e-02
135kHz_100dA_100Mss_bobN5NE0041.txt	95.47	20.10	90.48	3.20	38460.00	396.36	1.351960e+05	3.385293e+01	6.353872e+00	68.85	83.351336	4438	3.031e-02
135kHz_100dA_100Mss_bobN5NE0042.txt	95.99	20.10	91.67	3.23	38460.00	397.81	1.351960e+05	3.391164e+01	6.356605e+00	71.63	86.586017	4438	3.029e-02
135kHz_100dA_100Mss_bobN5NE0043.txt	96.48	20.10	90.46	3.20	38460.00	392.67	1.351960e+05	3.356050e+01	6.353847e+00	68.23	83.322513	4438	3.022e-02
135kHz_100dA_100Mss_bobN5NE0044.txt	97.0	20.10	90.71	3.22	38460.00	391.33	1.351960e+05	3.346472e+01	6.355181e+00	69.32	84.900197	4438	3.018e-02
135kHz_100dA_100Mss_bobN5NE0045.txt	97.5	20.15	89.30	3.16	38460.00	392.26	1.351960e+05	3.350985e+01	6.350991e+00	65.38	79.943764	4438	3.025e-02
135kHz_100dA_100Mss_bobN5NE0046.txt	98.01	20.20	91.22	3.22	38460.00	395.07	1.351960e+05	3.367698e+01	6.355570e+00	70.14	85.360047	4438	3.027e-02
135kHz_100dA_100Mss_bobN5NE0047.txt	98.5	20.20	88.40	3.14	38460.00	392.29	1.351960e+05	3.341952e+01	6.348871e+00	63.17	77.436597	4438	3.008e-02
135kHz_100dA_100Mss_bobN5NE0048.txt	99.01	20.20	91.95	3.26	38460.00	391.26	1.351960e+05	3.331448e+01	6.359241e+00	72.89	89.704333	4438	3.020e-02
135kHz_100dA_100Mss_bobN5NE0049.txt	99.51	20.25	91.06	3.20	38460.00	394.82	1.351960e+05	3.373815e+01	6.354983e+00	69.70	84.665260	4438	3.043e-02
135kHz_100dA_100Mss_bobN5NE0050.txt	100.01	20.30	88.75	3.14	38460.00	394.56	1.351960e+05	3.363687e+01	6.348791e+00	63.50	77.341060	4438	3.025e-02
135kHz_100dA_100Mss_bobN5NE0051.txt	100.54	20.30	89.02	3.17	38460.00	386.31	1.351960e+05	3.308135e+01	6.350978e+00	64.53	79.927820	4438	3.007e-02
135kHz_100dA_100Mss_bobN5NE0052.txt	101.08	20.31	91.93	3.26	38460.00	388.53	1.351960e+05	3.312496e+01	6.358939e+00	72.19	89.348317	4438	3.020e-02
135kHz_100dA_100Mss_bobN5NE0053.txt	101.65	20.36	90.72	3.21	38460.00	392.12	1.351960e+05	3.355062e+01	6.354580e+00	68.92	84.189529	4438	3.023e-02
135kHz_100dA_100Mss_bobN5NE0054.txt	102.17	20.40	92.05	3.25	38460.00	394.38	1.351960e+05	3.360906e+01	6.357999e+00	72.34	88.234298	4438	3.030e-02
135kHz_100dA_100Mss_bobN5NE0055.txt	102.67	20.40	90.67	3.21	38460.00	390.71	1.351960e+05	3.337806e+01	6.355431e+00	69.38	85.195768	4438	3.029e-02
135kHz_100dA_100Mss_bobN5NE0056.txt	103.19	20.40	92.22	3.25	38460.00	394.30	1.351960e+05	3.353977e+01	6.358443e+00	72.62	88.759669	4438	3.047e-02
135kHz_100dA_100Mss_bobN5NE0057.txt	104.18	20.40	89.55	3.18	38460.00	387.08	1.351960e+05	3.315838e+01	6.351951e+00	65.61	81.078614	4438	3.018e-02
135kHz_100dA_100Mss_bobN5NE0058.txt	104.7	20.40	90.50	3.21	38460.00	389.04	1.351960e+05	3.327083e+01	6.354842e+00	68.59	84.498353	4438	3.013e-02
135kHz_100dA_100Mss_bobN5NE0059.txt	105.21	20.42	91.77	3.25	38460.00	391.08	1.351960e+05	3.333851e+01	6.358213e+00	71.96	88.489186	4438	3.020e-02
135kHz_100dA_100Mss_bobN5NE0060.txt	105.71	20.47	90.63	3.21	38460.00	389.91	1.351960e+05	3.334749e+01	6.354635e+00	68.56	84.254099	4438	3.015e-02
135kHz_100dA_100Mss_bobN5NE0061.txt	106.21	20.52	91.47	3.23	38460.00	394.96	1.351960e+05	3.368077e+01	6.356772e+00	71.31	86.781909	4438	3.029e-02
135kHz_100dA_100Mss_bobN5NE0062.txt	106.73	20.57	92.55	3.28	38460.00	389.99	1.352265e+05	3.322507e+01	6.359944e+00	73.39	90.537950	4437	3.017e-02
135kHz_100dA_100Mss_bobN5NE0063.txt	107.23	20.62	89.03	3.18	38460.00	384.36	1.351960e+05	3.293148e+01	6.351445e+00	64.68	80.479659	4438	2.998e-02
135kHz_100dA_100Mss_bobN5NE0064.txt	107.72	20.67	89.69	3.18	38460.00	389.44	1.351960e+05	3.332979e+01	6.352450e+00	66.43	81.669264	4438	3.024e-02
135kHz_100dA_100Mss_bobN5NE0065.txt	108.21	20.68	89.91	3.19	38460.00	387.87	1.351960e+05	3.321128e+01	6.353729e+00	67.41	83.182201	4438	3.020e-02
135kHz_100dA_100Mss_bobN5NE0066.txt	108.76	20.62	90.97	3.23	38460.00	387.93	1.351960e+05	3.314075e+01	6.356615e+00	70.01	86.596341	4438	3.019e-02
135kHz_100dA_100Mss_bobN5NE0067.txt	109.28	20.63	89.59	3.21	38460.00	383.33	1.352265e+05	3.287153e+01	6.353688e+00	66.70	83.131861	4437	2.987e-02
135kHz_100dA_100Mss_bobN5NE0068.txt	109.8	20.68	88.76	3.15	38460.00	389.82	1.351960e+05	3.335430e+01	6.350427e+00	64.54	79.274783	4438	3.028e-02
135kHz_100dA_100Mss_bobN5NE0069.txt	110.31	20.73	90.37	3.20	38460.00	391.48	1.351960e+05	3.342153e+01	6.354607e+00	68.68	84.217485	4438	3.026e-02
135kHz_100dA_100Mss_bobN5NE0070.txt	110.85	20.78	89.27	3.16	38460.00	393.67	1.351960e+05	3.364333e+01	6.351327e+00	65.97	80.339120	4438	3.032e-02
135kHz_100dA_100Mss_bobN5NE0071.txt	111.35	20.80	89.09	3.16	38460.00	391.93	1.351960e+05	3.346551e+01	6.350491e+00	64.81	79.350612	4438	3.022e-02
135kHz_100dA_100Mss_bobN5NE0072.txt	111.85	20.80	90.01	3.19	38460.00	389.77	1.351960e+05	3.336937e+01	6.353529e+00	67.54	82.944641	4438	3.024e-02
135kHz_100dA_100Mss_bobN5NE0073.txt	112.37	20.84	88.14	3.13	38460.00	389.53	1.351960e+05	3.323995e+01	6.348861e+00	62.82	77.424014	4438	3.017e-02
135kHz_100dA_100Mss_bobN5NE0074.txt	112.87	20.89	88.40	3.15	38460.00	387.48	1.352265e+05	3.311259e+01	6.349133e+00	62.85	77.744728	4437	3.010e-02
135kHz_100dA_100Mss_bobN5NE0075.txt	113.39	20.90	89.71	3.19	38460.00	386.92	1.352265e+05	3.312532e+01	6.352662e+00	66.24	81.915604	4437	3.008e-02
135kHz_100dA_100Mss_bobN5NE0076.txt	114.43	20.90	87.93	3.12	38460.00	387.20	1.351960e+05	3.312446e+01	6.348373e+00	62.14	76.845298	4438	3.013e-02
135kHz_100dA_100Mss_bobN5NE0077.txt	114.95	20.90	90.70	3.20	38460.00	391.46	1.351960e+05	3.347160e+01	6.354487e+00	68.67	84.074313	4438	3.038e-02
135kHz_100dA_100Mss_bobN5NE0078.txt	115.48	20.90	90.18	3.21	38460.00	389.63	1.352265e+05	3.324507e+01	6.354181e+00	67.93	83.713504	4437	3.012e-02
135kHz_100dA_100Mss_bobN5NE0079.txt	116.0	20.90	89.27	3.17	38460.00	389.44	1.351960e+05	3.331323e+01	6.352527e+00	66.47	81.755290	4438	3.018e-02
135kHz_100dA_100Mss_bobN5NE0080.txt	116.53	20.95	90.71	3.20	38460.00	392.25	1.352265e+05	3.354020e+01	6.354202e+00	68.55	83.736262	4437	3.025e-02
135kHz_100dA_100Mss_bobN5NE0081.txt	117.03	21.00	89.42	3.17	38460.00	388.17	1.352265e+05	3.322728e+01	6.351727e+00	65.55	80.809111	4437	3.018e-02
135kHz_100dA_100Mss_bobN5NE0082.txt	117.53	21.00	88.13	3.13	38460.00	388.05	1.351960e+05	3.316653e+01	6.348915e+00	62.73	77.485327	4438	3.009e-02
135kHz_100dA_100Mss_bobN5NE0083.txt	118.03	21.00	88.67	3.17	38460.00	381.00	1.351960e+05	3.267412e+01	6.351760e+00	64.47	80.849258	4438	2.985e-02
135kHz_100dA_100Mss_bobN5NE0084.txt	118.54	21.00	90.48	3.21	38460.00	387.19	1.352265e+05	3.316436e+01	6.355366e+00	68.89	85.115025	4437	3.011e-02
135kHz_100dA_100Mss_bobN5NE0085.txt	119.05	21.00	89.23	3.19	38460.00	380.26	1.352265e+05	3.262884e+01	6.352807e+00	65.38	82.089083	4437	2.989e-02
135kHz_100dA_100Mss_bobN5NE0086.txt	119.56	21.06	90.06	3.22	38460.00	381.83	1.352265e+05	3.266479e+01	6.355066e+00	67.57	84.761237	4437	2.995e-02
135kHz_100dA_100Mss_bobN5NE0087.txt	120.06	21.10	89.04	3.20	38460.00	375.76	1.352265e+05	3.229311e+01	6.353139e+00	65.01	82.481219	4437	2.982e-02
135kHz_100dA_100Mss_bobN5NE0088.txt	120.58	21.10	89.46	3.19	38460.00	383.13	1.351960e+05	3.282023e+01	6.353405e+00	66.31	82.796529	4438	3.009e-02
135kHz_100dA_100Mss_bobN5NE0089.txt	121.08	21.11	88.20	3.16	38460.00	377.91	1.352265e+05	3.241371e+01	6.349981e+00	62.32	78.745744	4437	2.988e-02
135kHz_100dA_100Mss_bobN5NE0090.txt	121.58	21.16	88.40	3.17	38460.00	375.48	1.351960e+05	3.226872e+01	6.351377e+00	63.32	80.397633	4438	2.988e-02
135kHz_100dA_100Mss_bobN5NE0091.txt	122.1	21.20	88.16	3.16	38460.00	382.01	1.352265e+05	3.268186e+01	6.349671e+00	62.54	78.380473	4437	2.987e-02
135kHz_100dA_100Mss_bobN5NE0092.txt	122.61	21.20	88.35	3.17	38460.00	379.43	1.351960e+05	3.252812e+01	6.351953e+00	64.36	81.078512	4438	2.976e-02
135kHz_100dA_100Mss_bobN5NE0093.txt	123.11	21.20	89.45	3.21	38460.00	377.22	1.351960e+05	3.233873e+01	6.355528e+00	67.31	85.307334	4438	2.979e-02
135kHz_100dA_100Mss_bobN5NE0094.txt	123.69	21.20	89.94	3.24	38460.00	373.15	1.351960e+05	3.205651e+01	6.356575e+00	67.69	86.545842	4438	2.972e-02
135kHz_100dA_100Mss_bobN5NE0095.txt	124.69	21.27	89.08	3.20	38460.00	371.91	1.351960e+05	3.198207e+01	6.354098e+00	65.25	83.614140	4438	2.985e-02
135kHz_100dA_100Mss_bobN5NE0096.txt	125.2	21.30	87.77	3.17	38460.00	370.16	1.351960e+05	3.186821e+01	6.351894e+00	63.00	81.008098	4438	2.964e-02
135kHz_100dA_100Mss_bobN5NE0097.txt	125.7	21.30	88.10	3.15	38460.00	375.41	1.351960e+05	3.228907e+01	6.351029e+00	63.03	79.984167	4438	2.995e-02
135kHz_100dA_100Mss_bobN5NE0098.txt	126.21	21.30	88.19	3.17	38460.00	372.17	1.352265e+05	3.203789e+01	6.351742e+00	63.21	80.827569	4437	2.974e-02
135kHz_100dA_100Mss_bobN5NE0099.txt	126.72	21.30	88.98	3.21	38460.00	368.80	1.352265e+05	3.167312e+01	6.354469e+00	64.98	84.054662	4437	2.961e-02
135kHz_100dA_100Mss_bobN5NE0100.txt	127.21	21.32	87.15	3.15	38460.00	370.14	1.351960e+05	3.181727e+01	6.350123e+00	61.29	78.912873	4438	2.950e-02
135kHz_100dA_100Mss_bobN5NE0101.txt	127.72	21.37	88.67	3.20	38460.00	370.02	1.352265e+05	3.184895e+01	6.353030e+00	64.02	82.350707	4437	2.967e-02
135kHz_100dA_100Mss_bobN5NE0102.txt	128.21	21.40	89.42	3.22	38460.00	371.83	1.352265e+05	3.190272e+01	6.355512e+00	66.40	85.287811	4437	2.968e-02
135kHz_100dA_100Mss_bobN5NE0103.txt	128.71	21.40	87.66	3.18	38460.00	366.95	1.351960e+05	3.160130e+01	6.351929e+00	62.51	81.049176	4438	2.957e-02
135kHz_100dA_100Mss_bobN5NE0104.txt	129.24	21.40	86.79	3.15	38460.00	368.24	1.351960e+05	3.165759e+01	6.348791e+00	59.77	77.338708	4438	2.957e-02
135kHz_100dA_100Mss_bobN5NE0105.txt	129.75	21.40	89.38	3.23	38460.00	368.98	1.351960e+05	3.166022e+01	6.356295e+00	66.60	86.214051	4438	2.964e-02
135kHz_100dA_100Mss_bobN5NE0106.txt	130.26	21.43	87.60	3.16	38460.00	370.02	1.351960e+05	3.185102e+01	6.350890e+00	62.05	79.820250	4438	2.967e-02
135kHz_100dA_100Mss_bobN5NE0107.txt	130.79	21.48	87.96	3.18	38460.00	370.33	1.351960e+05	3.182053e+01	6.352480e+00	63.45	81.700905	4438	2.966e-02
135kHz_100dA_100Mss_bobN5NE0108.txt	131.31	21.50	87.90	3.18	38460.00	367.18	1.351960e+05	3.166477e+01	6.352599e+00	63.24	81.842430	4438	2.953e-02
135kHz_100dA_100Mss_bobN5NE0109.txt	131.83	21.50	86.56	3.14	38460.00	368.21	1.352265e+05	3.165477e+01	6.348332e+00	59.36	76.794775	4437	2.951e-02
135kHz_100dA_100Mss_bobN5NE0110.txt	132.33	21.50	87.62	3.18	38460.00	365.57	1.352265e+05	3.151310e+01	6.351861e+00	62.29	80.967003	4437	2.946e-02
135kHz_100dA_100Mss_bobN5NE0111.txt	132.84	21.50	88.04	3.19	38460.00	365.79	1.351960e+05	3.149350e+01	6.352947e+00	63.22	82.251674	4438	2.962e-02
135kHz_100dA_100Mss_bobN5NE0112.txt	133.37	21.50	86.82	3.15	38460.00	360.22	1.351960e+05	3.111652e+01	6.350595e+00	60.36	79.470974	4438	2.947e-02
135kHz_100dA_100Mss_bobN5NE0113.txt	133.89	21.50	88.60	3.21	38460.00	366.22	1.352265e+05	3.149281e+01	6.354392e+00	64.54	83.960950	4437	2.951e-02
135kHz_100dA_100Mss_bobN5NE0114.txt	134.9	21.59	89.09	3.23	38460.00	363.07	1.352265e+05	3.124440e+01	6.356073e+00	65.54	85.950600	4437	2.951e-02
135kHz_100dA_100Mss_bobN5NE0115.txt	135.4	21.60	87.07	3.16	38460.00	364.77	1.351960e+05	3.144355e+01	6.350652e+00	61.04	79.537215	4438	2.941e-02
135kHz_100dA_100Mss_bobN5NE0116.txt	135.9	21.60	87.42	3.19	38460.00	359.98	1.351960e+05	3.108916e+01	6.352871e+00	62.34	82.162622	4438	2.942e-02
135kHz_100dA_100Mss_bobN5NE0117.txt	136.41	21.60	86.46	3.17	38460.00	360.97	1.352265e+05	3.109363e+01	6.349387e+00	59.25	78.042533	4437	2.921e-02
135kHz_100dA_100Mss_bobN5NE0118.txt	136.91	21.60	88.30	3.22	38460.00	360.27	1.352265e+05	3.101831e+01	6.355345e+00	64.41	85.088216	4437	2.937e-02
135kHz_100dA_100Mss_bobN5NE0119.txt	137.41	21.60	85.95	3.14	38460.00	356.97	1.352265e+05	3.081319e+01	6.348515e+00	57.94	77.011073	4437	2.931e-02
135kHz_100dA_100Mss_bobN5NE0120.txt	137.92	21.60	87.58	3.20	38460.00	360.07	1.352265e+05	3.104157e+01	6.352799e+00	62.19	82.077420	4437	2.930e-02
135kHz_100dA_100Mss_bobN5NE0121.txt	138.44	21.60	87.90	3.19	38460.00	363.13	1.351960e+05	3.130403e+01	6.353382e+00	63.23	82.765857	4438	2.954e-02
135kHz_100dA_100Mss_bobN5NE0122.txt	138.96	21.60	87.33	3.18	38460.00	360.46	1.352265e+05	3.112685e+01	6.351523e+00	61.22	80.568351	4437	2.943e-02
135kHz_100dA_100Mss_bobN5NE0123.txt	139.47	21.65	86.61	3.15	38460.00	362.46	1.351960e+05	3.128004e+01	6.349789e+00	59.95	78.516839	4438	2.954e-02
135kHz_100dA_100Mss_bobN5NE0124.txt	139.98	21.70	86.45	3.14	38460.00	360.99	1.351960e+05	3.114685e+01	6.349229e+00	59.19	77.856991	4438	2.944e-02
135kHz_100dA_100Mss_bobN5NE0125.txt	140.5	21.70	88.15	3.22	38460.00	359.15	1.351960e+05	3.093190e+01	6.355630e+00	64.47	85.426974	4438	2.930e-02
135kHz_100dA_100Mss_bobN5NE0126.txt	141.0	21.70	86.79	3.17	38460.00	361.01	1.352265e+05	3.114495e+01	6.350703e+00	60.52	79.597487	4437	2.930e-02
135kHz_100dA_100Mss_bobN5NE0127.txt	141.52	21.75	86.96	3.18	38460.00	358.05	1.351960e+05	3.095783e+01	6.351684e+00	61.02	80.756967	4438	2.938e-02
135kHz_100dA_100Mss_bobN5NE0128.txt	142.05	21.80	87.03	3.19	38460.00	358.83	1.352265e+05	3.095609e+01	6.351214e+00	60.61	80.202315	4437	2.919e-02
135kHz_100dA_100Mss_bobN5NE0129.txt	142.55	21.80	88.08	3.20	38460.00	359.43	1.352265e+05	3.100946e+01	6.354326e+00	63.49	83.883253	4437	2.940e-02
135kHz_100dA_100Mss_bobN5NE0130.txt	143.07	21.80	86.93	3.16	38460.00	364.39	1.351960e+05	3.139822e+01	6.350938e+00	61.21	79.875827	4438	2.949e-02
135kHz_100dA_100Mss_bobN5NE0131.txt	143.58	21.80	86.81	3.17	38460.00	359.00	1.352265e+05	3.098372e+01	6.350338e+00	59.88	79.166535	4437	2.935e-02
135kHz_100dA_100Mss_bobN5NE0132.txt	144.1	21.80	86.70	3.15	38460.00	362.36	1.351960e+05	3.127920e+01	6.349559e+00	59.74	78.244223	4438	2.957e-02
135kHz_100dA_100Mss_bobN5NE0133.txt	145.13	21.80	86.55	3.16	38460.00	359.98	1.351960e+05	3.105917e+01	6.351015e+00	60.62	79.964773	4438	2.936e-02
135kHz_100dA_100Mss_bobN5NE0134.txt	145.65	21.80	86.79	3.16	38460.00	363.64	1.352265e+05	3.133239e+01	6.350364e+00	60.58	79.194446	4437	2.943e-02
135kHz_100dA_100Mss_bobN5NE0135.txt	146.23	21.82	86.05	3.13	38460.00	360.17	1.352265e+05	3.107312e+01	6.348483e+00	58.40	76.970470	4437	2.945e-02
135kHz_100dA_100Mss_bobN5NE0136.txt	146.74	21.87	86.53	3.14	38460.00	360.90	1.351960e+05	3.117599e+01	6.349351e+00	59.36	77.997832	4438	2.956e-02
135kHz_100dA_100Mss_bobN5NE0137.txt	147.26	21.90	86.84	3.18	38460.00	357.35	1.352265e+05	3.081237e+01	6.351735e+00	60.79	80.818004	4437	2.929e-02
135kHz_100dA_100Mss_bobN5NE0138.txt	147.78	21.90	87.47	3.19	38460.00	357.59	1.352265e+05	3.091925e+01	6.352652e+00	61.82	81.901210	4437	2.942e-02
135kHz_100dA_100Mss_bobN5NE0139.txt	148.34	21.90	87.96	3.19	38460.00	364.52	1.351960e+05	3.139408e+01	6.353920e+00	63.89	83.401816	4438	2.957e-02
135kHz_100dA_100Mss_bobN5NE0140.txt	148.88	21.90	86.16	3.16	38460.00	354.18	1.351960e+05	3.067225e+01	6.350895e+00	59.76	79.825684	4438	2.929e-02
135kHz_100dA_100Mss_bobN5NE0141.txt	149.43	21.94	87.15	3.21	38460.00	352.21	1.352265e+05	3.046061e+01	6.353229e+00	61.40	82.585363	4437	2.914e-02
135kHz_100dA_100Mss_bobN5NE0142.txt	149.98	22.00	86.92	3.17	38460.00	359.74	1.351960e+05	3.104639e+01	6.351863e+00	61.35	80.969307	4438	2.939e-02
135kHz_100dA_100Mss_bobN5NE0143.txt	150.48	22.00	85.70	3.13	38460.00	358.95	1.352265e+05	3.095267e+01	6.348345e+00	58.05	76.810299	4437	2.935e-02
135kHz_100dA_100Mss_bobN5NE0144.txt	150.99	22.00	88.01	3.21	38460.00	360.42	1.351960e+05	3.108656e+01	6.354861e+00	64.11	84.516139	4438	2.940e-02
135kHz_100dA_100Mss_bobN5NE0145.txt	151.49	22.00	86.59	3.17	38460.00	356.60	1.351960e+05	3.082026e+01	6.351179e+00	60.30	80.160066	4438	2.934e-02
135kHz_100dA_100Mss_bobN5NE0146.txt	151.99	22.00	85.68	3.13	38460.00	360.46	1.351960e+05	3.105951e+01	6.347938e+00	57.88	76.329705	4438	2.943e-02
135kHz_100dA_100Mss_bobN5NE0147.txt	152.49	22.05	87.55	3.19	38460.00	359.15	1.352265e+05	3.099489e+01	6.352927e+00	62.21	82.228782	4437	2.939e-02
135kHz_100dA_100Mss_bobN5NE0148.txt	153.03	22.10	87.04	3.18	38460.00	355.90	1.351960e+05	3.073482e+01	6.353129e+00	61.85	82.467173	4438	2.933e-02
135kHz_100dA_100Mss_bobN5NE0149.txt	153.6	22.10	84.89	3.12	38460.00	354.32	1.352265e+05	3.058713e+01	6.346430e+00	55.68	74.546124	4437	2.919e-02
135kHz_100dA_100Mss_bobN5NE0150.txt	154.1	22.09	86.80	3.18	38460.00	352.50	1.352265e+05	3.046107e+01	6.352578e+00	60.84	81.815679	4437	2.923e-02
135kHz_100dA_100Mss_bobN5NE0151.txt	154.6	22.04	88.50	3.24	38460.00	356.19	1.352265e+05	3.066519e+01	6.356955e+00	65.10	86.994260	4437	2.924e-02
135kHz_100dA_100Mss_bobN5NE0152.txt	155.61	22.06	87.11	3.19	38460.00	352.90	1.352265e+05	3.045750e+01	6.353691e+00	61.80	83.132186	4437	2.916e-02
135kHz_100dA_100Mss_bobN5NE0153.txt	156.12	22.11	85.25	3.14	38460.00	351.66	1.352265e+05	3.040806e+01	6.347697e+00	56.46	76.044143	4437	2.908e-02
135kHz_100dA_100Mss_bobN5NE0154.txt	156.63	22.16	85.82	3.15	38460.00	352.04	1.351960e+05	3.048185e+01	6.350450e+00	59.00	79.298467	4438	2.909e-02
135kHz_100dA_100Mss_bobN5NE0155.txt	157.13	22.19	85.86	3.15	38460.00	354.30	1.351960e+05	3.062719e+01	6.350275e+00	59.13	79.092419	4438	2.923e-02
135kHz_100dA_100Mss_bobN5NE0156.txt	157.63	22.14	85.45	3.13	38460.00	354.39	1.352265e+05	3.063558e+01	6.348542e+00	57.63	77.042107	4437	2.924e-02
135kHz_100dA_100Mss_bobN5NE0157.txt	158.15	22.12	86.86	3.18	38460.00	352.93	1.352265e+05	3.056554e+01	6.352272e+00	60.78	81.453155	4437	2.928e-02
135kHz_100dA_100Mss_bobN5NE0158.txt	158.68	22.17	86.18	3.16	38460.00	353.61	1.352265e+05	3.058141e+01	6.349945e+00	58.76	78.700082	4437	2.919e-02
135kHz_100dA_100Mss_bobN5NE0159.txt	159.2	22.20	86.99	3.18	38460.00	353.99	1.351960e+05	3.060953e+01	6.353310e+00	61.76	82.681377	4438	2.930e-02
135kHz_100dA_100Mss_bobN5NE0160.txt	159.72	22.20	85.98	3.16	38460.00	351.59	1.351960e+05	3.043367e+01	6.350677e+00	59.10	79.567354	4438	2.912e-02
135kHz_100dA_100Mss_bobN5NE0161.txt	160.25	22.20	85.40	3.13	38460.00	357.78	1.352265e+05	3.083622e+01	6.347888e+00	57.43	76.269566	4437	2.922e-02
135kHz_100dA_100Mss_bobN5NE0162.txt	160.77	22.20	84.69	3.12	38460.00	354.60	1.351960e+05	3.059448e+01	6.347186e+00	56.35	75.440684	4438	2.910e-02
135kHz_100dA_100Mss_bobN5NE0163.txt	161.29	22.20	86.37	3.17	38460.00	353.19	1.351960e+05	3.055924e+01	6.351875e+00	60.40	80.984068	4438	2.922e-02
135kHz_100dA_100Mss_bobN5NE0164.txt	161.8	22.20	85.97	3.16	38460.00	351.49	1.351960e+05	3.044765e+01	6.351303e+00	59.68	80.306678	4438	2.916e-02
135kHz_100dA_100Mss_bobN5NE0165.txt	162.33	22.20	86.37	3.16	38460.00	354.21	1.351960e+05	3.065641e+01	6.351270e+00	60.06	80.268013	4438	2.922e-02
135kHz_100dA_100Mss_bobN5NE0166.txt	162.84	22.20	87.45	3.20	38460.00	356.32	1.352265e+05	3.079153e+01	6.353959e+00	62.72	83.448479	4437	2.928e-02
135kHz_100dA_100Mss_bobN5NE0167.txt	163.35	22.24	85.51	3.14	38460.00	354.16	1.351960e+05	3.061626e+01	6.349871e+00	58.75	78.614249	4438	2.917e-02
135kHz_100dA_100Mss_bobN5NE0168.txt	163.87	22.29	85.27	3.14	38460.00	349.21	1.351960e+05	3.026960e+01	6.349387e+00	57.66	78.043630	4438	2.908e-02
135kHz_100dA_100Mss_bobN5NE0169.txt	164.39	22.30	86.10	3.17	38460.00	351.23	1.352265e+05	3.040595e+01	6.350851e+00	59.22	79.773683	4437	2.911e-02
135kHz_100dA_100Mss_bobN5NE0170.txt	164.91	22.30	88.85	3.25	38460.00	357.63	1.352265e+05	3.071253e+01	6.358795e+00	66.82	89.170959	4437	2.928e-02
135kHz_100dA_100Mss_bobN5NE0171.txt	166.0	22.30	84.51	3.11	38460.00	351.38	1.352265e+05	3.037107e+01	6.347279e+00	56.03	75.551039	4437	2.907e-02
135kHz_100dA_100Mss_bobN5NE0172.txt	166.51	22.30	86.38	3.17	38460.00	352.63	1.352265e+05	3.052849e+01	6.351899e+00	60.37	81.013807	4437	2.914e-02
135kHz_100dA_100Mss_bobN5NE0173.txt	167.1	22.30	84.55	3.12	38460.00	352.80	1.351960e+05	3.047578e+01	6.347318e+00	56.24	75.594792	4438	2.912e-02
135kHz_100dA_100Mss_bobN5NE0174.txt	167.6	22.30	85.13	3.12	38460.00	354.58	1.352265e+05	3.064327e+01	6.348080e+00	57.24	76.495838	4437	2.922e-02
135kHz_100dA_100Mss_bobN5NE0175.txt	168.12	22.31	85.67	3.17	38460.00	349.26	1.352265e+05	3.024100e+01	6.350674e+00	58.74	79.562964	4437	2.892e-02
135kHz_100dA_100Mss_bobN5NE0176.txt	168.63	22.36	86.52	3.20	38460.00	347.45	1.352265e+05	3.010259e+01	6.353234e+00	60.69	82.589708	4437	2.892e-02
135kHz_100dA_100Mss_bobN5NE0177.txt	169.16	22.40	85.86	3.16	38460.00	352.93	1.352265e+05	3.053105e+01	6.350521e+00	59.17	79.382593	4437	2.907e-02
135kHz_100dA_100Mss_bobN5NE0178.txt	169.67	22.40	85.25	3.14	38460.00	348.85	1.352265e+05	3.022165e+01	6.349670e+00	57.83	78.373767	4437	2.903e-02
135kHz_100dA_100Mss_bobN5NE0179.txt	170.18	22.40	85.17	3.14	38460.00	345.09	1.351960e+05	2.995933e+01	6.350139e+00	57.72	78.931562	4438	2.901e-02
135kHz_100dA_100Mss_bobN5NE0180.txt	170.71	22.40	85.71	3.18	38460.00	344.82	1.352265e+05	2.991221e+01	6.351656e+00	58.95	80.725233	4437	2.890e-02
135kHz_100dA_100Mss_bobN5NE0181.txt	171.22	22.40	86.33	3.16	38460.00	353.81	1.352265e+05	3.060905e+01	6.351654e+00	60.32	80.721677	4437	2.925e-02
135kHz_100dA_100Mss_bobN5NE0182.txt	171.73	22.40	86.42	3.17	38460.00	353.99	1.351960e+05	3.062946e+01	6.352539e+00	61.12	81.769903	4438	2.918e-02
135kHz_100dA_100Mss_bobN5NE0183.txt	172.24	22.42	86.77	3.21	38460.00	349.31	1.352265e+05	3.019348e+01	6.354774e+00	62.21	84.411654	4437	2.897e-02
135kHz_100dA_100Mss_bobN5NE0184.txt	172.76	22.48	83.49	3.09	38460.00	350.31	1.352265e+05	3.024605e+01	6.345130e+00	53.93	73.009887	4437	2.903e-02
135kHz_100dA_100Mss_bobN5NE0185.txt	173.25	22.50	85.41	3.15	38460.00	355.24	1.352265e+05	3.065223e+01	6.349328e+00	58.35	77.970227	4437	2.900e-02
135kHz_100dA_100Mss_bobN5NE0186.txt	173.76	22.50	82.41	3.07	38460.00	346.60	1.352265e+05	2.993255e+01	6.342823e+00	51.39	70.284159	4437	2.885e-02
135kHz_100dA_100Mss_bobN5NE0187.txt	174.27	22.50	84.53	3.13	38460.00	349.61	1.352265e+05	3.025614e+01	6.348155e+00	56.58	76.584901	4437	2.893e-02
135kHz_100dA_100Mss_bobN5NE0188.txt	174.77	22.50	86.29	3.19	38460.00	348.09	1.351960e+05	3.015002e+01	6.353711e+00	61.18	83.156729	4438	2.895e-02
135kHz_100dA_100Mss_bobN5NE0189.txt	175.28	22.50	87.67	3.23	38460.00	350.34	1.351960e+05	3.024384e+01	6.357654e+00	64.80	87.819543	4438	2.911e-02
135kHz_100dA_100Mss_bobN5NE0190.txt	176.31	22.50	85.10	3.14	38460.00	349.97	1.351960e+05	3.030705e+01	6.350101e+00	58.36	78.886456	4438	2.904e-02
135kHz_100dA_100Mss_bobN5NE0191.txt	176.8	22.50	87.07	3.22	38460.00	350.90	1.352265e+05	3.030505e+01	6.355630e+00	63.18	85.426400	4437	2.898e-02
135kHz_100dA_100Mss_bobN5NE0192.txt	177.3	22.53	84.93	3.16	38460.00	345.52	1.352265e+05	2.998326e+01	6.350538e+00	58.12	79.402395	4437	2.886e-02
135kHz_100dA_100Mss_bobN5NE0193.txt	177.82	22.58	84.80	3.15	38460.00	346.59	1.352265e+05	2.999007e+01	6.350325e+00	57.95	79.150393	4437	2.887e-02
135kHz_100dA_100Mss_bobN5NE0194.txt	178.34	22.60	85.10	3.13	38460.00	349.29	1.351960e+05	3.027343e+01	6.349883e+00	58.10	78.627035	4438	2.916e-02
135kHz_100dA_100Mss_bobN5NE0195.txt	178.85	22.60	84.23	3.12	38460.00	344.80	1.352265e+05	2.988622e+01	6.347617e+00	55.43	75.950100	4437	2.896e-02
135kHz_100dA_100Mss_bobN5NE0196.txt	179.37	22.56	84.39	3.12	38460.00	351.08	1.352265e+05	3.036691e+01	6.348428e+00	57.03	76.907389	4437	2.896e-02
135kHz_100dA_100Mss_bobN5NE0197.txt	179.89	22.51	83.66	3.12	38460.00	343.53	1.351960e+05	2.977477e+01	6.347691e+00	55.27	76.036327	4438	2.879e-02
135kHz_100dA_100Mss_bobN5NE0198.txt	180.4	22.54	85.10	3.14	38460.00	351.44	1.351960e+05	3.042519e+01	6.350075e+00	58.56	78.853810	4438	2.907e-02
135kHz_100dA_100Mss_bobN5NE0199.txt	180.91	22.59	87.50	3.24	38460.00	350.71	1.352265e+05	3.024224e+01	6.357416e+00	64.60	87.538887	4437	2.894e-02
135kHz_100dA_100Mss_bobN5NE0200.txt	181.41	22.60	83.90	3.11	38460.00	349.06	1.351960e+05	3.018555e+01	6.347765e+00	56.10	76.124046	4438	2.893e-02
135kHz_100dA_100Mss_bobN5NE0201.txt	181.9	22.60	82.97	3.09	38460.00	346.44	1.352265e+05	2.993532e+01	6.345299e+00	53.52	73.209822	4437	2.877e-02
135kHz_100dA_100Mss_bobN5NE0202.txt	182.42	22.60	84.15	3.12	38460.00	342.69	1.351960e+05	2.976654e+01	6.349267e+00	56.60	77.900221	4438	2.897e-02
135kHz_100dA_100Mss_bobN5NE0203.txt	182.93	22.60	83.62	3.12	38460.00	341.92	1.352265e+05	2.965255e+01	6.347880e+00	55.22	76.258894	4437	2.864e-02
135kHz_100dA_100Mss_bobN5NE0204.txt	183.44	22.64	85.47	3.17	38460.00	344.67	1.351960e+05	2.980861e+01	6.352874e+00	59.77	82.165290	4438	2.892e-02
135kHz_100dA_100Mss_bobN5NE0205.txt	183.96	22.70	84.89	3.15	38460.00	345.21	1.352265e+05	2.995097e+01	6.350560e+00	58.08	79.428063	4437	2.891e-02
135kHz_100dA_100Mss_bobN5NE0206.txt	184.48	22.70	84.77	3.16	38460.00	344.76	1.352265e+05	2.991018e+01	6.350927e+00	58.32	79.861134	4437	2.879e-02
135kHz_100dA_100Mss_bobN5NE0207.txt	184.97	22.70	82.90	3.09	38460.00	343.94	1.352265e+05	2.976154e+01	6.345550e+00	53.43	73.505239	4437	2.871e-02
135kHz_100dA_100Mss_bobN5NE0208.txt	185.47	22.65	84.00	3.12	38460.00	344.09	1.351960e+05	2.988430e+01	6.349439e+00	56.97	78.102864	4438	2.891e-02
135kHz_100dA_100Mss_bobN5NE0209.txt	186.46	22.65	82.41	3.10	38460.00	339.39	1.352265e+05	2.942411e+01	6.345850e+00	53.07	73.859554	4437	2.846e-02
135kHz_100dA_100Mss_bobN5NE0210.txt	186.97	22.70	84.33	3.14	38460.00	341.20	1.352265e+05	2.963768e+01	6.350283e+00	57.24	79.097319	4437	2.876e-02
135kHz_100dA_100Mss_bobN5NE0211.txt	187.47	22.70	85.66	3.19	38460.00	343.30	1.352265e+05	2.969755e+01	6.354688e+00	61.11	84.307501	4437	2.877e-02
135kHz_100dA_100Mss_bobN5NE0212.txt	187.97	22.70	83.11	3.11	38460.00	340.99	1.352265e+05	2.957208e+01	6.347412e+00	54.67	75.703109	4437	2.867e-02
135kHz_100dA_100Mss_bobN5NE0213.txt	188.47	22.70	85.81	3.18	38460.00	348.58	1.352265e+05	3.013678e+01	6.353723e+00	61.18	83.165565	4437	2.887e-02
135kHz_100dA_100Mss_bobN5NE0214.txt	189.06	22.70	86.37	3.21	38460.00	345.58	1.352265e+05	2.984591e+01	6.356140e+00	62.66	86.025909	4437	2.878e-02
135kHz_100dA_100Mss_bobN5NE0215.txt	189.56	22.70	84.73	3.17	38460.00	340.03	1.351960e+05	2.954872e+01	6.352983e+00	59.34	82.293243	4438	2.866e-02
135kHz_100dA_100Mss_bobN5NE0216.txt	190.08	22.71	81.92	3.07	38460.00	340.78	1.352265e+05	2.948211e+01	6.344045e+00	51.65	71.725529	4437	2.862e-02
135kHz_100dA_100Mss_bobN5NE0217.txt	190.59	22.76	83.21	3.11	38460.00	340.00	1.352265e+05	2.951595e+01	6.348325e+00	55.34	76.784067	4437	2.866e-02
135kHz_100dA_100Mss_bobN5NE0218.txt	191.1	22.80	82.89	3.10	38460.00	343.53	1.352265e+05	2.971953e+01	6.346346e+00	54.03	74.444639	4437	2.870e-02
135kHz_100dA_100Mss_bobN5NE0219.txt	191.6	22.80	85.32	3.19	38460.00	339.28	1.352265e+05	2.937526e+01	6.354746e+00	60.50	84.377690	4437	2.861e-02
135kHz_100dA_100Mss_bobN5NE0220.txt	192.1	22.80	85.00	3.18	38460.00	341.98	1.352265e+05	2.952989e+01	6.353885e+00	60.08	83.360042	4437	2.862e-02
135kHz_100dA_100Mss_bobN5NE0221.txt	192.61	22.80	83.96	3.16	38460.00	334.38	1.352265e+05	2.908375e+01	6.351338e+00	57.05	80.349150	4437	2.851e-02
135kHz_100dA_100Mss_bobN5NE0222.txt	193.11	22.80	83.54	3.16	38460.00	333.96	1.352265e+05	2.904550e+01	6.350503e+00	56.28	79.360905	4437	2.835e-02
135kHz_100dA_100Mss_bobN5NE0223.txt	193.61	22.80	83.78	3.14	38460.00	340.67	1.352265e+05	2.955965e+01	6.350347e+00	57.14	79.177669	4437	2.858e-02
135kHz_100dA_100Mss_bobN5NE0224.txt	194.12	22.80	83.53	3.16	38460.00	333.48	1.352265e+05	2.903720e+01	6.351511e+00	57.10	80.552997	4437	2.829e-02
135kHz_100dA_100Mss_bobN5NE0225.txt	194.63	22.80	84.49	3.17	38460.00	337.79	1.352265e+05	2.932606e+01	6.353088e+00	59.00	82.418713	4437	2.852e-02
135kHz_100dA_100Mss_bobN5NE0226.txt	195.13	22.81	84.36	3.17	38460.00	339.74	1.351960e+05	2.944390e+01	6.353279e+00	59.38	82.643780	4438	2.840e-02
135kHz_100dA_100Mss_bobN5NE0227.txt	195.64	22.86	84.70	3.20	38460.00	335.25	1.351960e+05	2.904602e+01	6.355864e+00	60.74	85.702216	4438	2.837e-02
135kHz_100dA_100Mss_bobN5NE0228.txt	196.66	22.90	82.64	3.12	38460.00	333.78	1.352265e+05	2.903152e+01	6.348494e+00	54.57	76.985201	4437	2.833e-02
135kHz_100dA_100Mss_bobN5NE0229.txt	197.18	22.90	82.67	3.15	38460.00	329.28	1.352265e+05	2.870119e+01	6.349564e+00	54.83	78.250392	4437	2.813e-02
135kHz_100dA_100Mss_bobN5NE0230.txt	197.69	22.90	84.08	3.15	38460.00	337.49	1.352265e+05	2.930431e+01	6.352277e+00	58.27	81.459221	4437	2.849e-02
135kHz_100dA_100Mss_bobN5NE0231.txt	198.2	22.90	83.63	3.13	38460.00	338.17	1.352265e+05	2.939210e+01	6.350311e+00	56.79	79.134644	4437	2.856e-02
135kHz_100dA_100Mss_bobN5NE0232.txt	198.71	22.90	82.31	3.11	38460.00	336.25	1.351960e+05	2.921150e+01	6.348444e+00	54.86	76.926797	4438	2.826e-02
135kHz_100dA_100Mss_bobN5NE0233.txt	199.23	22.90	83.69	3.16	38460.00	337.25	1.352265e+05	2.925478e+01	6.352013e+00	57.95	81.145603	4437	2.832e-02
135kHz_100dA_100Mss_bobN5NE0234.txt	199.73	22.90	82.43	3.14	38460.00	330.78	1.352265e+05	2.878630e+01	6.348773e+00	54.34	77.314633	4437	2.813e-02
135kHz_100dA_100Mss_bobN5NE0235.txt	200.24	22.90	83.81	3.18	38460.00	333.11	1.351960e+05	2.891252e+01	6.353703e+00	58.66	83.143922	4438	2.832e-02
135kHz_100dA_100Mss_bobN5NE0236.txt	200.75	22.90	82.53	3.12	38460.00	333.15	1.351960e+05	2.898470e+01	6.350029e+00	55.75	78.801823	4438	2.842e-02
135kHz_100dA_100Mss_bobN5NE0237.txt	201.27	22.90	82.21	3.12	38460.00	332.51	1.352265e+05	2.891628e+01	6.348352e+00	54.24	76.818215	4437	2.822e-02
135kHz_100dA_100Mss_bobN5NE0238.txt	201.79	22.90	82.71	3.14	38460.00	333.88	1.352265e+05	2.903139e+01	6.350596e+00	56.33	79.471736	4437	2.817e-02
135kHz_100dA_100Mss_bobN5NE0239.txt	202.31	22.90	81.11	3.08	38460.00	331.65	1.352265e+05	2.884241e+01	6.346081e+00	52.22	74.134343	4437	2.820e-02
135kHz_100dA_100Mss_bobN5NE0240.txt	202.82	22.90	80.61	3.05	38460.00	336.13	1.351960e+05	2.913275e+01	6.344521e+00	51.42	72.289592	4438	2.823e-02
135kHz_100dA_100Mss_bobN5NE0241.txt	203.32	22.90	82.59	3.15	38460.00	329.28	1.352265e+05	2.867206e+01	6.351239e+00	56.16	80.230829	4437	2.805e-02
135kHz_100dA_100Mss_bobN5NE0242.txt	203.82	22.90	81.91	3.11	38460.00	330.51	1.352265e+05	2.875561e+01	6.348031e+00	53.67	76.437920	4437	2.815e-02
135kHz_100dA_100Mss_bobN5NE0243.txt	204.31	22.93	83.45	3.16	38460.00	332.46	1.352265e+05	2.888204e+01	6.352676e+00	57.76	81.930255	4437	2.827e-02
135kHz_100dA_100Mss_bobN5NE0244.txt	204.83	22.98	82.10	3.12	38460.00	327.88	1.352265e+05	2.850623e+01	6.350000e+00	54.82	78.765993	4437	2.811e-02
135kHz_100dA_100Mss_bobN5NE0245.txt	205.34	23.00	82.63	3.15	38460.00	325.36	1.352265e+05	2.838962e+01	6.351806e+00	56.07	80.900846	4437	2.805e-02
135kHz_100dA_100Mss_bobN5NE0246.txt	205.84	23.00	83.01	3.17	38460.00	327.00	1.352265e+05	2.845798e+01	6.353157e+00	57.31	82.499209	4437	2.798e-02
135kHz_100dA_100Mss_bobN5NE0247.txt	206.85	23.00	82.12	3.13	38460.00	331.59	1.352265e+05	2.885248e+01	6.349844e+00	55.36	78.582077	4437	2.808e-02
135kHz_100dA_100Mss_bobN5NE0248.txt	207.36	23.00	81.32	3.12	38460.00	329.58	1.352265e+05	2.866205e+01	6.347864e+00	53.36	76.240857	4437	2.795e-02
135kHz_100dA_100Mss_bobN5NE0249.txt	207.87	23.00	81.96	3.14	38460.00	326.92	1.352265e+05	2.847162e+01	6.350156e+00	54.88	78.950500	4437	2.803e-02
135kHz_100dA_100Mss_bobN5NE0250.txt	208.4	23.00	81.44	3.10	38460.00	332.92	1.352265e+05	2.892202e+01	6.348112e+00	54.05	76.533625	4437	2.812e-02
135kHz_100dA_100Mss_bobN5NE0251.txt	208.9	23.00	81.13	3.10	38460.00	330.22	1.351960e+05	2.870976e+01	6.347748e+00	53.34	76.104257	4438	2.807e-02
135kHz_100dA_100Mss_bobN5NE0252.txt	209.41	23.00	81.36	3.13	38460.00	324.88	1.351960e+05	2.832416e+01	6.349963e+00	54.43	78.722967	4438	2.779e-02
135kHz_100dA_100Mss_bobN5NE0253.txt	209.92	23.00	81.62	3.11	38460.00	331.44	1.352265e+05	2.882757e+01	6.348981e+00	54.59	77.560953	4437	2.807e-02
135kHz_100dA_100Mss_bobN5NE0254.txt	210.44	23.00	81.46	3.12	38460.00	328.87	1.351960e+05	2.865174e+01	6.349308e+00	54.52	77.947044	4438	2.791e-02
135kHz_100dA_100Mss_bobN5NE0255.txt	210.95	23.00	79.82	3.06	38460.00	326.76	1.352265e+05	2.841856e+01	6.344911e+00	50.49	72.750662	4437	2.786e-02
135kHz_100dA_100Mss_bobN5NE0256.txt	211.53	23.00	81.93	3.14	38460.00	324.50	1.351960e+05	2.823108e+01	6.352539e+00	56.34	81.769060	4438	2.781e-02
135kHz_100dA_100Mss_bobN5NE0257.txt	212.07	23.01	80.36	3.08	38460.00	331.14	1.352265e+05	2.874591e+01	6.346206e+00	52.15	74.281075	4437	2.793e-02
135kHz_100dA_100Mss_bobN5NE0258.txt	212.59	23.06	80.30	3.08	38460.00	327.03	1.351960e+05	2.846238e+01	6.347260e+00	52.48	75.528738	4438	2.784e-02
135kHz_100dA_100Mss_bobN5NE0259.txt	213.12	23.10	81.05	3.10	38460.00	327.98	1.351960e+05	2.855691e+01	6.349022e+00	54.10	77.607533	4438	2.783e-02
135kHz_100dA_100Mss_bobN5NE0260.txt	213.63	23.10	81.27	3.11	38460.00	327.49	1.351960e+05	2.848807e+01	6.350188e+00	54.93	78.986920	4438	2.788e-02
135kHz_100dA_100Mss_bobN5NE0261.txt	214.15	23.10	80.84	3.10	38460.00	325.08	1.352265e+05	2.828206e+01	6.348488e+00	53.16	76.975723	4437	2.795e-02
135kHz_100dA_100Mss_bobN5NE0262.txt	214.65	23.10	81.76	3.12	38460.00	327.22	1.352265e+05	2.843475e+01	6.351492e+00	55.90	80.528373	4437	2.798e-02
135kHz_100dA_100Mss_bobN5NE0263.txt	215.17	23.10	79.50	3.07	38460.00	324.87	1.352265e+05	2.826795e+01	6.345558e+00	50.75	73.513506	4437	2.769e-02
135kHz_100dA_100Mss_bobN5NE0264.txt	215.68	23.10	77.85	3.00	38460.00	327.83	1.352265e+05	2.840409e+01	6.340751e+00	47.07	67.833674	4437	2.771e-02
135kHz_100dA_100Mss_bobN5NE0265.txt	216.2	23.10	79.95	3.08	38460.00	320.87	1.351960e+05	2.801137e+01	6.347851e+00	52.13	76.223304	4438	2.765e-02
135kHz_100dA_100Mss_bobN5NE0266.txt	217.26	23.13	82.39	3.16	38460.00	324.62	1.352265e+05	2.820291e+01	6.353720e+00	57.25	83.163556	4437	2.787e-02
135kHz_100dA_100Mss_bobN5NE0267.txt	217.77	23.18	79.85	3.09	38460.00	320.99	1.352265e+05	2.801418e+01	6.347762e+00	52.07	76.118658	4437	2.768e-02
135kHz_100dA_100Mss_bobN5NE0268.txt	218.29	23.17	79.82	3.10	38460.00	320.08	1.352265e+05	2.793898e+01	6.347366e+00	51.61	75.652119	4437	2.762e-02
135kHz_100dA_100Mss_bobN5NE0269.txt	218.79	23.12	80.01	3.08	38460.00	323.85	1.352265e+05	2.820839e+01	6.347130e+00	51.92	75.372979	4437	2.779e-02
135kHz_100dA_100Mss_bobN5NE0270.txt	219.3	23.13	79.21	3.09	38460.00	315.02	1.352265e+05	2.755836e+01	6.347157e+00	50.74	75.405311	4437	2.740e-02
135kHz_100dA_100Mss_bobN5NE0271.txt	219.82	23.18	81.71	3.14	38460.00	326.28	1.352265e+05	2.834373e+01	6.352339e+00	56.41	81.530956	4437	2.783e-02
135kHz_100dA_100Mss_bobN5NE0272.txt	220.31	23.17	80.12	3.09	38460.00	322.59	1.352265e+05	2.810498e+01	6.348159e+00	52.56	76.590231	4437	2.776e-02
135kHz_100dA_100Mss_bobN5NE0273.txt	220.82	23.12	81.59	3.15	38460.00	323.64	1.351960e+05	2.806287e+01	6.353874e+00	57.08	83.348108	4438	2.771e-02
135kHz_100dA_100Mss_bobN5NE0274.txt	221.32	23.10	79.44	3.07	38460.00	322.01	1.351960e+05	2.805232e+01	6.347660e+00	52.05	75.999094	4438	2.771e-02
135kHz_100dA_100Mss_bobN5NE0275.txt	221.83	23.10	81.71	3.15	38460.00	326.86	1.352265e+05	2.831732e+01	6.353700e+00	57.47	83.140470	4437	2.773e-02
135kHz_100dA_100Mss_bobN5NE0276.txt	222.35	23.14	80.04	3.11	38460.00	320.43	1.352265e+05	2.793585e+01	6.349504e+00	53.32	78.178562	4437	2.754e-02
135kHz_100dA_100Mss_bobN5NE0277.txt	222.89	23.19	80.63	3.13	38460.00	320.58	1.352265e+05	2.789593e+01	6.351491e+00	54.84	80.530507	4437	2.755e-02
135kHz_100dA_100Mss_bobN5NE0278.txt	223.41	23.20	81.54	3.16	38460.00	323.09	1.352265e+05	2.799903e+01	6.354858e+00	57.75	84.513079	4437	2.755e-02
135kHz_100dA_100Mss_bobN5NE0279.txt	223.9	23.20	78.56	3.07	38460.00	316.87	1.352265e+05	2.767238e+01	6.345759e+00	49.84	73.752667	4437	2.740e-02
135kHz_100dA_100Mss_bobN5NE0280.txt	224.4	23.20	78.45	3.06	38460.00	317.36	1.352265e+05	2.769358e+01	6.345769e+00	49.89	73.765007	4437	2.738e-02
135kHz_100dA_100Mss_bobN5NE0281.txt	224.91	23.20	78.72	3.07	38460.00	317.17	1.351960e+05	2.772055e+01	6.347092e+00	50.98	75.330026	4438	2.743e-02
135kHz_100dA_100Mss_bobN5NE0282.txt	225.42	23.20	79.94	3.10	38460.00	319.30	1.352265e+05	2.784900e+01	6.350342e+00	53.83	79.171172	4437	2.752e-02
135kHz_100dA_100Mss_bobN5NE0283.txt	225.94	23.20	79.75	3.11	38460.00	318.58	1.352265e+05	2.776884e+01	6.349787e+00	53.23	78.513832	4437	2.745e-02
135kHz_100dA_100Mss_bobN5NE0284.txt	226.43	23.20	80.81	3.15	38460.00	319.14	1.351960e+05	2.770805e+01	6.354368e+00	56.75	83.934508	4438	2.749e-02
135kHz_100dA_100Mss_bobN5NE0285.txt	227.45	23.20	78.17	3.08	38460.00	307.33	1.352265e+05	2.695466e+01	6.347274e+00	49.72	75.544868	4437	2.716e-02
135kHz_100dA_100Mss_bobN5NE0286.txt	227.95	23.20	80.16	3.16	38460.00	311.19	1.352265e+05	2.715660e+01	6.352997e+00	54.56	82.311524	4437	2.720e-02
135kHz_100dA_100Mss_bobN5NE0287.txt	228.47	23.25	79.19	3.14	38460.00	309.31	1.352265e+05	2.698376e+01	6.350922e+00	52.61	79.858168	4437	2.702e-02
135kHz_100dA_100Mss_bobN5NE0288.txt	228.98	23.30	80.68	3.15	38460.00	317.23	1.352265e+05	2.756590e+01	6.354197e+00	56.33	83.731598	4437	2.739e-02
135kHz_100dA_100Mss_bobN5NE0289.txt	229.52	23.30	79.25	3.10	38460.00	317.54	1.351960e+05	2.763944e+01	6.350437e+00	53.49	79.284987	4438	2.739e-02
135kHz_100dA_100Mss_bobN5NE0290.txt	230.03	23.30	79.07	3.12	38460.00	312.29	1.351960e+05	2.724371e+01	6.351514e+00	53.56	80.558187	4438	2.712e-02
135kHz_100dA_100Mss_bobN5NE0291.txt	230.54	23.30	77.81	3.06	38460.00	313.57	1.352265e+05	2.738710e+01	6.345695e+00	49.28	73.678505	4437	2.726e-02
135kHz_100dA_100Mss_bobN5NE0292.txt	231.04	23.30	79.66	3.15	38460.00	307.97	1.352265e+05	2.688730e+01	6.353861e+00	54.69	83.332577	4437	2.697e-02
135kHz_100dA_100Mss_bobN5NE0293.txt	231.56	23.30	78.86	3.11	38460.00	310.12	1.352265e+05	2.704637e+01	6.350639e+00	52.51	79.520371	4437	2.714e-02
135kHz_100dA_100Mss_bobN5NE0294.txt	232.05	23.30	78.35	3.08	38460.00	310.88	1.352265e+05	2.718079e+01	6.348318e+00	50.96	76.776154	4437	2.724e-02
135kHz_100dA_100Mss_bobN5NE0295.txt	232.56	23.30	77.26	3.03	38460.00	318.95	1.352265e+05	2.775009e+01	6.343901e+00	48.50	71.556891	4437	2.730e-02
135kHz_100dA_100Mss_bobN5NE0296.txt	233.07	23.30	77.79	3.07	38460.00	311.71	1.352265e+05	2.722447e+01	6.346209e+00	49.39	74.284225	4437	2.711e-02
135kHz_100dA_100Mss_bobN5NE0297.txt	233.59	23.30	78.12	3.09	38460.00	314.48	1.352265e+05	2.746306e+01	6.348190e+00	51.38	76.625601	4437	2.706e-02
135kHz_100dA_100Mss_bobN5NE0298.txt	234.21	23.30	77.24	3.07	38460.00	305.95	1.351960e+05	2.678981e+01	6.347442e+00	49.54	75.743425	4438	2.699e-02
135kHz_100dA_100Mss_bobN5NE0299.txt	234.71	23.30	77.98	3.09	38460.00	309.40	1.351960e+05	2.704964e+01	6.349256e+00	51.43	77.886720	4438	2.701e-02
135kHz_100dA_100Mss_bobN5NE0300.txt	235.3	23.33	77.05	3.04	38460.00	314.21	1.351960e+05	2.742866e+01	6.345447e+00	49.15	73.387400	4438	2.699e-02
135kHz_100dA_100Mss_bobN5NE0301.txt	235.82	23.38	77.76	3.09	38460.00	308.66	1.351960e+05	2.700361e+01	6.348778e+00	50.97	77.323025	4438	2.689e-02
135kHz_100dA_100Mss_bobN5NE0302.txt	236.34	23.37	77.40	3.07	38460.00	307.89	1.352265e+05	2.696239e+01	6.347055e+00	49.57	75.286478	4437	2.700e-02
135kHz_100dA_100Mss_bobN5NE0303.txt	236.87	23.31	77.92	3.10	38460.00	311.54	1.352265e+05	2.718726e+01	6.348607e+00	51.19	77.120354	4437	2.692e-02
135kHz_100dA_100Mss_bobN5NE0304.txt	237.9	23.39	77.11	3.06	38460.00	306.91	1.351960e+05	2.689518e+01	6.347554e+00	49.82	75.876933	4438	2.692e-02
135kHz_100dA_100Mss_bobN5NE0305.txt	238.42	23.36	76.63	3.06	38460.00	304.35	1.351960e+05	2.666090e+01	6.347455e+00	49.31	75.759261	4438	2.671e-02
135kHz_100dA_100Mss_bobN5NE0306.txt	238.92	23.31	75.66	3.03	38460.00	303.59	1.351960e+05	2.659723e+01	6.344166e+00	46.68	71.872153	4438	2.670e-02
135kHz_100dA_100Mss_bobN5NE0307.txt	239.43	23.34	77.91	3.09	38460.00	311.07	1.351960e+05	2.705253e+01	6.350242e+00	52.20	79.054039	4438	2.688e-02
135kHz_100dA_100Mss_bobN5NE0308.txt	239.94	23.39	78.52	3.10	38460.00	311.60	1.351960e+05	2.713103e+01	6.352287e+00	53.95	81.471043	4438	2.698e-02
135kHz_100dA_100Mss_bobN5NE0309.txt	240.44	23.40	77.65	3.10	38460.00	304.43	1.352265e+05	2.663437e+01	6.350215e+00	51.38	79.021506	4437	2.674e-02
135kHz_100dA_100Mss_bobN5NE0310.txt	240.94	23.40	76.99	3.08	38460.00	303.85	1.351960e+05	2.659530e+01	6.349096e+00	50.44	77.699314	4438	2.674e-02
135kHz_100dA_100Mss_bobN5NE0311.txt	241.44	23.40	76.87	3.07	38460.00	305.94	1.352265e+05	2.678324e+01	6.347634e+00	49.68	75.970565	4437	2.680e-02
135kHz_100dA_100Mss_bobN5NE0312.txt	241.93	23.40	76.39	3.06	38460.00	304.75	1.351960e+05	2.669902e+01	6.347150e+00	49.15	75.398839	4438	2.664e-02
135kHz_100dA_100Mss_bobN5NE0313.txt	242.44	23.40	77.54	3.09	38460.00	308.60	1.351960e+05	2.689838e+01	6.350364e+00	52.00	79.199116	4438	2.681e-02
135kHz_100dA_100Mss_bobN5NE0314.txt	242.94	23.40	76.90	3.05	38460.00	310.70	1.351960e+05	2.716066e+01	6.347852e+00	50.54	76.228936	4438	2.687e-02
135kHz_100dA_100Mss_bobN5NE0315.txt	243.45	23.40	78.02	3.10	38460.00	311.24	1.352265e+05	2.714232e+01	6.350865e+00	52.87	79.790687	4437	2.688e-02
135kHz_100dA_100Mss_bobN5NE0316.txt	243.95	23.40	76.29	3.05	38460.00	307.12	1.351960e+05	2.687344e+01	6.346305e+00	48.81	74.399272	4438	2.668e-02
135kHz_100dA_100Mss_bobN5NE0317.txt	244.51	23.40	77.04	3.09	38460.00	303.88	1.351960e+05	2.661770e+01	6.349829e+00	51.04	78.565404	4438	2.664e-02
135kHz_100dA_100Mss_bobN5NE0318.txt	245.0	23.40	77.23	3.08	38460.00	309.41	1.351960e+05	2.702241e+01	6.349796e+00	51.80	78.525400	4438	2.673e-02
135kHz_100dA_100Mss_bobN5NE0319.txt	245.5	23.40	76.68	3.06	38460.00	306.50	1.351960e+05	2.676772e+01	6.349015e+00	50.71	77.604002	4438	2.668e-02
135kHz_100dA_100Mss_bobN5NE0320.txt	246.01	23.40	76.44	3.06	38460.00	304.55	1.351960e+05	2.660669e+01	6.348614e+00	50.09	77.129837	4438	2.661e-02
135kHz_100dA_100Mss_bobN5NE0321.txt	246.54	23.40	76.96	3.09	38460.00	303.69	1.351960e+05	2.655928e+01	6.350163e+00	51.19	78.960622	4438	2.660e-02
135kHz_100dA_100Mss_bobN5NE0322.txt	247.05	23.40	76.12	3.04	38460.00	307.04	1.351960e+05	2.687223e+01	6.347319e+00	49.59	75.595941	4438	2.666e-02
135kHz_100dA_100Mss_bobN5NE0323.txt	248.06	23.41	77.51	3.09	38460.00	307.05	1.352265e+05	2.675009e+01	6.351760e+00	52.79	80.847404	4437	2.682e-02
135kHz_100dA_100Mss_bobN5NE0324.txt	248.59	23.46	75.67	3.04	38460.00	304.91	1.352265e+05	2.667246e+01	6.345818e+00	48.09	73.822742	4437	2.655e-02
135kHz_100dA_100Mss_bobN5NE0325.txt	249.12	23.49	76.28	3.05	38460.00	305.58	1.351960e+05	2.676330e+01	6.348104e+00	50.00	76.525288	4438	2.661e-02
135kHz_100dA_100Mss_bobN5NE0326.txt	249.63	23.44	76.99	3.11	38460.00	301.21	1.352265e+05	2.628309e+01	6.351949e+00	52.02	81.073097	4437	2.645e-02
135kHz_100dA_100Mss_bobN5NE0327.txt	250.15	23.40	77.11	3.11	38460.00	304.60	1.351960e+05	2.652469e+01	6.352497e+00	52.90	81.721421	4438	2.654e-02
135kHz_100dA_100Mss_bobN5NE0328.txt	250.66	23.40	75.49	3.06	38460.00	296.52	1.352265e+05	2.605787e+01	6.347423e+00	48.18	75.722522	4437	2.633e-02
135kHz_100dA_100Mss_bobN5NE0329.txt	251.17	23.40	76.20	3.07	38460.00	304.33	1.351960e+05	2.657117e+01	6.349201e+00	50.48	77.824170	4438	2.644e-02
135kHz_100dA_100Mss_bobN5NE0330.txt	251.67	23.40	76.36	3.08	38460.00	300.94	1.351960e+05	2.627411e+01	6.350928e+00	51.22	79.866186	4438	2.647e-02
135kHz_100dA_100Mss_bobN5NE0331.txt	252.2	23.42	74.75	3.03	38460.00	300.11	1.351960e+05	2.632655e+01	6.345659e+00	47.33	73.636834	4438	2.633e-02
135kHz_100dA_100Mss_bobN5NE0332.txt	252.72	23.47	73.25	2.97	38460.00	302.97	1.351960e+05	2.643131e+01	6.340689e+00	43.74	67.765959	4438	2.638e-02
135kHz_100dA_100Mss_bobN5NE0333.txt	253.25	23.50	75.36	3.06	38460.00	296.42	1.352265e+05	2.600373e+01	6.347998e+00	48.51	76.401995	4437	2.630e-02
135kHz_100dA_100Mss_bobN5NE0334.txt	253.77	23.50	75.84	3.07	38460.00	301.28	1.351960e+05	2.638401e+01	6.348900e+00	49.89	77.467914	4438	2.633e-02
135kHz_100dA_100Mss_bobN5NE0335.txt	254.28	23.50	74.48	3.03	38460.00	298.55	1.351960e+05	2.616835e+01	6.345587e+00	46.99	73.552364	4438	2.625e-02
135kHz_100dA_100Mss_bobN5NE0336.txt	254.81	23.50	75.19	3.07	38460.00	295.59	1.351960e+05	2.590756e+01	6.349355e+00	49.33	78.006687	4438	2.617e-02
135kHz_100dA_100Mss_bobN5NE0337.txt	255.32	23.50	76.18	3.09	38460.00	302.44	1.351960e+05	2.637587e+01	6.351438e+00	51.80	80.467250	4438	2.635e-02
135kHz_100dA_100Mss_bobN5NE0338.txt	255.85	23.50	77.18	3.12	38460.00	304.18	1.352265e+05	2.646820e+01	6.353549e+00	53.60	82.965446	4437	2.643e-02
135kHz_100dA_100Mss_bobN5NE0339.txt	256.5	23.50	74.33	3.02	38460.00	301.09	1.352265e+05	2.635994e+01	6.345200e+00	47.06	73.095146	4437	2.623e-02
135kHz_100dA_100Mss_bobN5NE0340.txt	257.01	23.50	72.75	2.96	38460.00	296.90	1.351960e+05	2.601692e+01	6.341443e+00	43.62	68.655601	4438	2.614e-02
135kHz_100dA_100Mss_bobN5NE0341.txt	257.52	23.50	75.20	3.06	38460.00	297.61	1.352265e+05	2.608442e+01	6.348732e+00	49.21	77.268557	4437	2.622e-02
135kHz_100dA_100Mss_bobN5NE0342.txt	258.6	23.50	75.48	3.08	38460.00	299.01	1.352265e+05	2.612356e+01	6.350000e+00	50.24	78.768530	4437	2.618e-02
135kHz_100dA_100Mss_bobN5NE0343.txt	259.1	23.50	75.58	3.07	38460.00	300.90	1.352265e+05	2.631921e+01	6.349259e+00	50.05	77.892797	4437	2.625e-02
135kHz_100dA_100Mss_bobN5NE0344.txt	259.62	23.50	75.37	3.09	38460.00	293.04	1.351960e+05	2.566520e+01	6.351384e+00	50.37	80.405840	4438	2.605e-02
135kHz_100dA_100Mss_bobN5NE0345.txt	260.13	23.50	75.76	3.10	38460.00	296.28	1.352265e+05	2.584701e+01	6.351857e+00	51.08	80.965059	4437	2.613e-02
135kHz_100dA_100Mss_bobN5NE0346.txt	260.68	23.50	73.82	3.01	38460.00	296.90	1.351960e+05	2.606212e+01	6.345401e+00	46.66	73.333252	4438	2.608e-02
135kHz_100dA_100Mss_bobN5NE0347.txt	261.19	23.50	73.58	3.03	38460.00	290.72	1.351960e+05	2.557973e+01	6.345806e+00	46.10	73.811565	4438	2.593e-02
135kHz_100dA_100Mss_bobN5NE0348.txt	261.69	23.50	75.07	3.06	38460.00	297.65	1.352265e+05	2.604997e+01	6.348695e+00	49.12	77.226440	4437	2.622e-02
135kHz_100dA_100Mss_bobN5NE0349.txt	262.21	23.52	73.56	3.02	38460.00	294.47	1.351960e+05	2.585682e+01	6.345529e+00	46.39	73.483240	4438	2.597e-02
135kHz_100dA_100Mss_bobN5NE0350.txt	262.72	23.57	74.79	3.07	38460.00	293.47	1.352265e+05	2.565416e+01	6.349548e+00	49.00	78.234273	4437	2.605e-02
135kHz_100dA_100Mss_bobN5NE0351.txt	263.23	23.60	75.71	3.09	38460.00	297.48	1.351960e+05	2.592571e+01	6.352748e+00	51.89	82.016726	4438	2.611e-02
135kHz_100dA_100Mss_bobN5NE0352.txt	263.74	23.60	73.93	3.04	38460.00	292.53	1.352265e+05	2.568838e+01	6.347011e+00	47.19	75.233018	4437	2.603e-02
135kHz_100dA_100Mss_bobN5NE0353.txt	264.25	23.60	73.46	3.00	38460.00	300.13	1.352265e+05	2.624279e+01	6.344262e+00	46.14	71.983857	4437	2.612e-02
135kHz_100dA_100Mss_bobN5NE0354.txt	264.86	23.60	74.02	3.04	38460.00	292.03	1.351960e+05	2.564173e+01	6.347582e+00	47.52	75.907282	4438	2.592e-02
135kHz_100dA_100Mss_bobN5NE0355.txt	265.37	23.56	72.25	2.97	38460.00	292.69	1.351960e+05	2.566553e+01	6.342161e+00	43.56	69.501854	4438	2.583e-02
135kHz_100dA_100Mss_bobN5NE0356.txt	265.86	23.51	74.05	3.04	38460.00	296.75	1.352265e+05	2.600258e+01	6.347256e+00	47.95	75.522811	4437	2.598e-02
135kHz_100dA_100Mss_bobN5NE0357.txt	266.37	23.54	74.76	3.07	38460.00	297.32	1.352265e+05	2.596205e+01	6.349859e+00	49.82	78.600045	4437	2.600e-02
135kHz_100dA_100Mss_bobN5NE0358.txt	266.86	23.59	73.42	3.00	38460.00	295.56	1.351960e+05	2.592444e+01	6.345653e+00	46.60	73.630072	4438	2.604e-02
135kHz_100dA_100Mss_bobN5NE0359.txt	267.36	23.60	73.99	3.04	38460.00	296.63	1.352265e+05	2.592951e+01	6.348203e+00	48.52	76.643222	4437	2.590e-02
135kHz_100dA_100Mss_bobN5NE0360.txt	267.86	23.60	75.08	3.07	38460.00	294.18	1.351960e+05	2.564853e+01	6.352516e+00	51.17	81.744486	4438	2.603e-02
135kHz_100dA_100Mss_bobN5NE0361.txt	268.88	23.60	71.60	2.95	38460.00	294.48	1.352265e+05	2.577613e+01	6.340387e+00	42.45	67.410088	4437	2.575e-02
135kHz_100dA_100Mss_bobN5NE0362.txt	269.4	23.60	73.32	3.03	38460.00	293.13	1.351960e+05	2.569455e+01	6.347353e+00	47.45	75.639285	4438	2.573e-02
135kHz_100dA_100Mss_bobN5NE0363.txt	269.9	23.60	74.77	3.09	38460.00	292.98	1.352265e+05	2.558948e+01	6.351591e+00	50.38	80.649659	4437	2.583e-02
135kHz_100dA_100Mss_bobN5NE0364.txt	270.38	23.60	72.36	2.99	38460.00	291.21	1.352265e+05	2.556060e+01	6.343190e+00	44.15	70.719865	4437	2.581e-02
135kHz_100dA_100Mss_bobN5NE0365.txt	270.87	23.60	73.23	3.02	38460.00	294.24	1.352265e+05	2.582580e+01	6.346192e+00	46.84	74.267411	4437	2.587e-02
135kHz_100dA_100Mss_bobN5NE0366.txt	271.36	23.64	73.43	3.04	38460.00	289.81	1.352265e+05	2.544090e+01	6.347529e+00	47.12	75.847048	4437	2.580e-02
135kHz_100dA_100Mss_bobN5NE0367.txt	271.85	23.68	73.01	3.02	38460.00	291.96	1.352265e+05	2.562137e+01	6.345677e+00	46.09	73.657986	4437	2.579e-02
135kHz_100dA_100Mss_bobN5NE0368.txt	272.42	23.70	73.21	3.04	38460.00	290.54	1.352265e+05	2.542474e+01	6.346973e+00	46.68	75.190832	4437	2.570e-02
135kHz_100dA_100Mss_bobN5NE0369.txt	273.04	23.70	73.82	3.04	38460.00	296.21	1.352265e+05	2.584987e+01	6.349074e+00	49.02	77.674315	4437	2.590e-02
135kHz_100dA_100Mss_bobN5NE0370.txt	273.56	23.64	73.24	3.03	38460.00	292.14	1.351960e+05	2.555995e+01	6.347813e+00	47.54	76.184581	4438	2.568e-02
135kHz_100dA_100Mss_bobN5NE0371.txt	274.07	23.61	72.72	3.04	38460.00	284.06	1.352265e+05	2.498274e+01	6.347390e+00	46.17	75.682896	4437	2.556e-02
135kHz_100dA_100Mss_bobN5NE0372.txt	274.58	23.72	71.43	2.99	38460.00	283.54	1.351960e+05	2.498456e+01	6.343647e+00	43.47	71.260471	4438	2.542e-02
135kHz_100dA_100Mss_bobN5NE0373.txt	275.09	23.79	71.14	2.97	38460.00	287.59	1.351960e+05	2.528335e+01	6.342423e+00	43.10	69.813171	4438	2.549e-02
135kHz_100dA_100Mss_bobN5NE0374.txt	275.6	23.74	72.94	3.03	38460.00	291.04	1.351960e+05	2.550190e+01	6.348575e+00	47.99	77.084274	4438	2.562e-02
135kHz_100dA_100Mss_bobN5NE0375.txt	276.11	23.70	73.43	3.07	38460.00	286.99	1.351960e+05	2.512881e+01	6.350811e+00	48.90	79.728224	4438	2.552e-02
135kHz_100dA_100Mss_bobN5NE0376.txt	276.61	23.70	72.06	3.00	38460.00	287.34	1.351960e+05	2.526755e+01	6.345207e+00	45.10	73.104529	4438	2.556e-02
135kHz_100dA_100Mss_bobN5NE0377.txt	277.12	23.70	72.94	3.06	38460.00	283.16	1.352265e+05	2.482941e+01	6.350231e+00	47.91	79.041315	4437	2.541e-02
135kHz_100dA_100Mss_bobN5NE0378.txt	277.64	23.70	72.89	3.05	38460.00	284.32	1.351960e+05	2.487558e+01	6.350121e+00	47.91	78.912481	4438	2.548e-02
135kHz_100dA_100Mss_bobN5NE0379.txt	278.14	23.70	71.48	2.98	38460.00	290.12	1.351960e+05	2.546117e+01	6.343696e+00	44.34	71.318282	4438	2.555e-02
135kHz_100dA_100Mss_bobN5NE0380.txt	279.15	23.70	72.74	3.05	38460.00	283.67	1.351960e+05	2.490821e+01	6.349636e+00	47.63	78.339814	4438	2.542e-02
135kHz_100dA_100Mss_bobN5NE0381.txt	279.65	23.70	70.97	2.99	38460.00	286.57	1.352265e+05	2.517398e+01	6.343550e+00	43.74	71.144185	4437	2.529e-02
135kHz_100dA_100Mss_bobN5NE0382.txt	280.18	23.72	70.78	2.98	38460.00	280.07	1.351960e+05	2.472237e+01	6.343583e+00	42.97	71.184237	4438	2.534e-02
135kHz_100dA_100Mss_bobN5NE0383.txt	280.68	23.77	72.61	3.03	38460.00	290.08	1.351960e+05	2.541265e+01	6.347996e+00	47.40	76.399812	4438	2.552e-02
135kHz_100dA_100Mss_bobN5NE0384.txt	281.18	23.80	73.68	3.07	38460.00	289.48	1.351960e+05	2.522408e+01	6.352645e+00	50.41	81.898924	4438	2.555e-02
135kHz_100dA_100Mss_bobN5NE0385.txt	281.68	23.80	72.83	3.08	38460.00	279.92	1.352265e+05	2.455177e+01	6.350969e+00	47.90	79.916378	4437	2.524e-02
135kHz_100dA_100Mss_bobN5NE0386.txt	282.19	23.80	71.46	3.01	38460.00	280.81	1.351960e+05	2.468419e+01	6.346507e+00	44.98	74.640785	4438	2.521e-02
135kHz_100dA_100Mss_bobN5NE0387.txt	282.68	23.80	70.52	2.97	38460.00	279.34	1.352265e+05	2.465831e+01	6.342850e+00	42.35	70.319283	4437	2.519e-02
135kHz_100dA_100Mss_bobN5NE0388.txt	283.2	23.80	70.60	2.98	38460.00	280.90	1.351960e+05	2.475460e+01	6.343335e+00	42.85	70.891960	4438	2.518e-02
135kHz_100dA_100Mss_bobN5NE0389.txt	283.71	23.80	71.48	3.00	38460.00	283.67	1.351960e+05	2.496592e+01	6.346057e+00	45.17	74.106852	4438	2.538e-02
135kHz_100dA_100Mss_bobN5NE0390.txt	284.21	23.80	73.78	3.10	38460.00	286.12	1.351960e+05	2.499592e+01	6.354226e+00	51.09	83.767327	4438	2.537e-02
135kHz_100dA_100Mss_bobN5NE0391.txt	284.72	23.80	73.67	3.07	38460.00	290.41	1.351960e+05	2.530895e+01	6.353032e+00	50.86	82.355309	4438	2.555e-02
135kHz_100dA_100Mss_bobN5NE0392.txt	285.23	23.80	72.06	3.03	38460.00	283.69	1.352265e+05	2.486033e+01	6.348158e+00	46.49	76.592844	4437	2.535e-02
135kHz_100dA_100Mss_bobN5NE0393.txt	285.74	23.80	72.06	3.06	38460.00	279.38	1.352265e+05	2.455618e+01	6.349258e+00	46.70	77.892043	4437	2.518e-02
135kHz_100dA_100Mss_bobN5NE0394.txt	286.25	23.80	72.26	3.05	38460.00	283.03	1.351960e+05	2.481930e+01	6.349798e+00	47.57	78.531093	4438	2.528e-02
135kHz_100dA_100Mss_bobN5NE0395.txt	286.75	23.80	71.43	3.02	38460.00	280.48	1.351960e+05	2.467517e+01	6.347499e+00	45.67	75.813196	4438	2.515e-02
135kHz_100dA_100Mss_bobN5NE0396.txt	287.27	23.80	71.28	3.01	38460.00	282.09	1.352265e+05	2.479783e+01	6.346854e+00	45.45	75.048313	4437	2.525e-02
135kHz_100dA_100Mss_bobN5NE0397.txt	287.77	23.80	70.71	2.99	38460.00	280.52	1.352265e+05	2.473822e+01	6.344671e+00	43.78	72.470615	4437	2.519e-02
135kHz_100dA_100Mss_bobN5NE0398.txt	288.29	23.80	69.78	2.96	38460.00	277.70	1.352265e+05	2.448937e+01	6.341800e+00	41.32	69.078149	4437	2.510e-02
135kHz_100dA_100Mss_bobN5NE0399.txt	289.31	23.80	68.49	2.89	38460.00	287.13	1.351960e+05	2.507860e+01	6.336735e+00	38.65	63.097128	4438	2.519e-02
135kHz_100dA_100Mss_bobN5NE0400.txt	289.82	23.80	72.67	3.06	38460.00	285.34	1.352265e+05	2.498734e+01	6.350568e+00	48.46	79.440992	4437	2.535e-02
135kHz_100dA_100Mss_bobN5NE0401.txt	290.32	23.80	71.62	3.02	38460.00	283.54	1.351960e+05	2.483697e+01	6.348637e+00	46.78	77.157454	4438	2.521e-02
135kHz_100dA_100Mss_bobN5NE0402.txt	290.82	23.80	70.36	2.96	38460.00	284.75	1.351960e+05	2.501052e+01	6.343384e+00	43.33	70.947622	4438	2.528e-02
135kHz_100dA_100Mss_bobN5NE0403.txt	291.31	23.80	71.91	3.03	38460.00	282.57	1.352265e+05	2.480291e+01	6.348824e+00	46.86	77.376146	4437	2.527e-02
135kHz_100dA_100Mss_bobN5NE0404.txt	291.8	23.80	71.82	3.02	38460.00	286.69	1.352265e+05	2.510657e+01	6.348124e+00	46.93	76.549180	4437	2.531e-02
135kHz_100dA_100Mss_bobN5NE0405.txt	292.31	23.83	71.08	2.99	38460.00	282.54	1.352265e+05	2.484372e+01	6.345103e+00	44.28	72.978408	4437	2.521e-02
135kHz_100dA_100Mss_bobN5NE0406.txt	292.82	23.88	71.26	3.00	38460.00	280.97	1.351960e+05	2.466316e+01	6.347467e+00	45.62	75.772534	4438	2.527e-02
135kHz_100dA_100Mss_bobN5NE0407.txt	293.33	23.87	70.62	2.98	38460.00	283.79	1.351960e+05	2.493602e+01	6.344977e+00	44.34	72.830497	4438	2.518e-02
135kHz_100dA_100Mss_bobN5NE0408.txt	293.84	23.82	70.84	3.00	38460.00	279.66	1.351960e+05	2.458719e+01	6.346856e+00	45.05	75.052220	4438	2.507e-02
135kHz_100dA_100Mss_bobN5NE0409.txt	294.34	23.80	72.04	3.05	38460.00	282.19	1.352265e+05	2.469298e+01	6.350992e+00	48.19	79.941809	4437	2.519e-02
135kHz_100dA_100Mss_bobN5NE0410.txt	294.84	23.80	69.63	2.96	38460.00	280.20	1.351960e+05	2.467417e+01	6.343374e+00	42.74	70.937200	4438	2.496e-02
135kHz_100dA_100Mss_bobN5NE0411.txt	295.42	23.84	70.89	3.02	38460.00	277.56	1.351960e+05	2.442633e+01	6.347762e+00	45.39	76.122725	4438	2.496e-02
135kHz_100dA_100Mss_bobN5NE0412.txt	295.93	23.89	70.46	3.00	38460.00	275.79	1.351960e+05	2.423579e+01	6.347289e+00	44.71	75.565085	4438	2.495e-02
135kHz_100dA_100Mss_bobN5NE0413.txt	296.44	23.90	71.16	3.04	38460.00	276.29	1.351960e+05	2.427445e+01	6.349714e+00	46.47	78.433017	4438	2.491e-02
135kHz_100dA_100Mss_bobN5NE0414.txt	296.95	23.90	71.20	3.02	38460.00	282.20	1.351960e+05	2.476611e+01	6.348092e+00	46.26	76.515098	4438	2.514e-02
135kHz_100dA_100Mss_bobN5NE0415.txt	297.45	23.90	71.33	3.03	38460.00	277.62	1.351960e+05	2.436301e+01	6.349982e+00	46.83	78.749115	4438	2.509e-02
135kHz_100dA_100Mss_bobN5NE0416.txt	297.96	23.90	72.05	3.04	38460.00	284.94	1.351960e+05	2.491468e+01	6.350822e+00	48.49	79.741438	4438	2.514e-02
135kHz_100dA_100Mss_bobN5NE0417.txt	298.46	23.90	70.23	2.97	38460.00	279.69	1.351960e+05	2.465942e+01	6.345074e+00	43.92	72.946618	4438	2.505e-02
135kHz_100dA_100Mss_bobN5NE0418.txt	299.47	23.90	70.16	2.99	38460.00	276.85	1.351960e+05	2.439778e+01	6.346414e+00	44.39	74.529470	4438	2.494e-02
135kHz_100dA_100Mss_bobN5NE0419.txt	299.97	23.90	70.70	3.03	38460.00	273.84	1.351960e+05	2.410191e+01	6.348765e+00	45.48	77.309086	4438	2.473e-02
135kHz_100dA_100Mss_bobN5NE0420.txt	300.48	23.90	70.51	3.01	38460.00	277.05	1.351960e+05	2.434720e+01	6.348374e+00	45.67	76.848043	4438	2.489e-02
135kHz_100dA_100Mss_bobN5NE0421.txt	300.99	23.90	68.94	2.93	38460.00	281.50	1.351960e+05	2.472997e+01	6.341252e+00	41.33	68.433007	4438	2.492e-02
135kHz_100dA_100Mss_bobN5NE0422.txt	301.5	23.90	72.46	3.10	38460.00	276.55	1.351960e+05	2.413740e+01	6.356037e+00	50.59	85.912957	4438	2.490e-02
135kHz_100dA_100Mss_bobN5NE0423.txt	302.03	23.90	70.64	3.00	38460.00	276.32	1.351960e+05	2.426060e+01	6.347776e+00	45.09	76.141504	4438	2.503e-02
135kHz_100dA_100Mss_bobN5NE0424.txt	302.51	23.90	69.22	2.97	38460.00	277.12	1.351960e+05	2.441782e+01	6.343911e+00	42.67	71.573558	4438	2.478e-02
135kHz_100dA_100Mss_bobN5NE0425.txt	303.03	23.90	69.17	2.97	38460.00	270.75	1.351960e+05	2.388516e+01	6.344842e+00	42.38	72.673719	4438	2.473e-02
135kHz_100dA_100Mss_bobN5NE0426.txt	303.53	23.90	70.78	3.04	38460.00	272.76	1.351960e+05	2.398723e+01	6.350188e+00	46.25	78.991427	4438	2.470e-02
135kHz_100dA_100Mss_bobN5NE0427.txt	304.02	23.90	70.85	3.02	38460.00	282.43	1.351960e+05	2.477114e+01	6.348910e+00	46.85	77.480216	4438	2.492e-02
135kHz_100dA_100Mss_bobN5NE0428.txt	304.54	23.95	70.79	3.03	38460.00	276.15	1.351960e+05	2.423574e+01	6.350183e+00	46.72	78.987835	4438	2.481e-02
135kHz_100dA_100Mss_bobN5NE0429.txt	305.04	24.00	68.64	2.94	38460.00	274.26	1.351960e+05	2.422751e+01	6.342213e+00	41.16	69.568429	4438	2.482e-02
135kHz_100dA_100Mss_bobN5NE0430.txt	305.54	23.95	69.15	2.95	38460.00	277.19	1.351960e+05	2.445017e+01	6.343280e+00	42.29	70.826626	4438	2.490e-02
135kHz_100dA_100Mss_bobN5NE0431.txt	306.04	23.90	71.65	3.04	38460.00	284.40	1.351960e+05	2.481243e+01	6.351655e+00	48.88	80.726735	4438	2.507e-02
135kHz_100dA_100Mss_bobN5NE0432.txt	306.55	23.90	69.71	3.00	38460.00	273.56	1.351960e+05	2.406104e+01	6.347200e+00	44.32	75.460783	4438	2.472e-02
135kHz_100dA_100Mss_bobN5NE0433.txt	307.07	23.91	70.02	3.01	38460.00	271.20	1.351960e+05	2.387673e+01	6.348177e+00	44.66	76.616200	4438	2.469e-02
135kHz_100dA_100Mss_bobN5NE0434.txt	307.64	23.96	69.63	2.98	38460.00	275.61	1.352265e+05	2.426497e+01	6.345582e+00	43.58	73.547401	4437	2.482e-02
135kHz_100dA_100Mss_bobN5NE0435.txt	308.16	24.00	67.57	2.89	38460.00	278.34	1.351960e+05	2.442370e+01	6.338339e+00	38.77	64.990975	4438	2.479e-02
135kHz_100dA_100Mss_bobN5NE0436.txt	308.67	24.00	67.91	2.91	38460.00	275.58	1.351960e+05	2.427068e+01	6.340192e+00	39.82	67.180272	4438	2.480e-02
135kHz_100dA_100Mss_bobN5NE0437.txt	309.66	24.00	69.26	2.99	38460.00	269.70	1.351960e+05	2.382760e+01	6.344901e+00	42.32	72.742193	4438	2.468e-02
