# Configuracion:
# Concentracion g/m^3_=_9700.0
# C_Vs_to_Am_M_A/Vsm_=_25649819763.59163
# pendiente_HvsI_1/m_=_3716.3
# ordenada_HvsI_A/m_=_1297.0
# frecuencia_ref_Hz_=_135186.05568948618
# 
Resultados:
# tau_ns_=_(8.58+/-0.38)e+01
# dphi_rad_=_6.36+/-0.00
# SAR_W/g_=_74.21+/-3.53
# Hc_kA/m_=_3.19+/-0.06
# Mr_A/m_=_93.89+/-2.82
# Magnetizacion_max_emu/g_=_43.0+/-0.6
# Suceptibilidad_a_M=0_=_(3.140+/-0.055)e-02

Nombre_archivo	Time_m_(s)	Temperatura_(ºC)	Mr_(A/m)	Hc_(kA/m)	Campo_max_(A/m)	Mag_max_(A/m)	f0	mag0	dphi0	SAR_(W/g)	Tau_(ns)	N	xi_M_0
135kHz_100dA_100Mss_bobN5NE0011.txt	19.1	22.00	93.84	3.15	38460.00	436.39	1.352265e+05	3.678434e+01	6.352456e+00	73.33	81.674394	4437	3.167e-02
135kHz_100dA_100Mss_bobN5NE0012.txt	19.61	22.00	94.41	3.21	38460.00	415.95	1.351960e+05	3.537438e+01	6.357013e+00	75.14	87.066672	4438	3.132e-02
135kHz_100dA_100Mss_bobN5NE0013.txt	20.12	22.00	95.58	3.26	38460.00	415.08	1.351960e+05	3.535381e+01	6.359638e+00	77.76	90.175659	4438	3.127e-02
135kHz_100dA_100Mss_bobN5NE0014.txt	20.65	22.00	93.60	3.18	38460.00	418.32	1.352265e+05	3.550370e+01	6.353559e+00	71.91	82.980695	4437	3.134e-02
135kHz_100dA_100Mss_bobN5NE0015.txt	21.16	22.02	97.01	3.28	38460.00	421.36	1.351960e+05	3.574549e+01	6.361580e+00	80.61	92.475748	4438	3.152e-02
135kHz_100dA_100Mss_bobN5NE0016.txt	21.68	22.07	93.72	3.18	38460.00	419.34	1.351960e+05	3.555559e+01	6.353888e+00	72.33	83.367966	4438	3.141e-02
135kHz_100dA_100Mss_bobN5NE0017.txt	22.19	22.10	95.07	3.22	38460.00	417.70	1.352265e+05	3.548210e+01	6.356342e+00	74.70	86.269719	4437	3.141e-02
135kHz_100dA_100Mss_bobN5NE0018.txt	22.81	22.10	93.92	3.20	38460.00	422.40	1.352265e+05	3.571795e+01	6.352921e+00	71.69	82.223050	4437	3.133e-02
135kHz_100dA_100Mss_bobN5NE0019.txt	23.83	22.10	95.30	3.24	38460.00	415.29	1.351960e+05	3.533051e+01	6.357785e+00	75.83	87.979334	4438	3.135e-02
135kHz_100dA_100Mss_bobN5NE0020.txt	24.34	22.13	96.44	3.25	38460.00	421.33	1.351960e+05	3.580624e+01	6.358920e+00	78.02	89.323420	4438	3.167e-02
135kHz_100dA_100Mss_bobN5NE0021.txt	24.85	22.18	96.08	3.24	38460.00	421.71	1.352265e+05	3.585287e+01	6.357731e+00	76.91	87.915587	4437	3.159e-02
135kHz_100dA_100Mss_bobN5NE0022.txt	25.37	22.20	95.13	3.20	38460.00	425.21	1.351960e+05	3.601780e+01	6.355189e+00	74.62	84.907051	4438	3.171e-02
135kHz_100dA_100Mss_bobN5NE0023.txt	25.87	22.20	93.41	3.14	38460.00	426.35	1.351960e+05	3.602394e+01	6.350399e+00	69.67	79.242649	4438	3.179e-02
135kHz_100dA_100Mss_bobN5NE0024.txt	26.43	22.20	95.85	3.23	38460.00	421.95	1.351960e+05	3.581198e+01	6.356909e+00	75.96	86.943723	4438	3.165e-02
135kHz_100dA_100Mss_bobN5NE0025.txt	26.98	22.20	96.84	3.29	38460.00	414.43	1.351960e+05	3.526310e+01	6.361181e+00	79.12	92.003834	4438	3.143e-02
135kHz_100dA_100Mss_bobN5NE0026.txt	27.52	22.20	96.86	3.28	38460.00	417.20	1.351960e+05	3.544810e+01	6.359922e+00	78.26	90.512746	4438	3.158e-02
135kHz_100dA_100Mss_bobN5NE0027.txt	28.03	22.20	94.79	3.20	38460.00	418.81	1.351960e+05	3.555432e+01	6.354681e+00	73.14	84.307593	4438	3.159e-02
135kHz_100dA_100Mss_bobN5NE0028.txt	28.53	22.25	95.55	3.22	38460.00	418.53	1.351960e+05	3.559205e+01	6.356440e+00	75.01	86.388822	4438	3.167e-02
135kHz_100dA_100Mss_bobN5NE0029.txt	29.03	22.30	96.18	3.24	38460.00	421.75	1.351960e+05	3.585178e+01	6.357480e+00	76.63	87.620022	4438	3.172e-02
135kHz_100dA_100Mss_bobN5NE0030.txt	29.69	22.30	97.21	3.26	38460.00	421.00	1.351960e+05	3.583129e+01	6.359821e+00	79.00	90.391607	4438	3.173e-02
135kHz_100dA_100Mss_bobN5NE0031.txt	30.21	22.30	95.42	3.21	38460.00	420.54	1.351960e+05	3.571731e+01	6.356293e+00	75.13	86.216060	4438	3.166e-02
135kHz_100dA_100Mss_bobN5NE0032.txt	30.74	22.30	97.51	3.27	38460.00	425.91	1.351960e+05	3.617200e+01	6.359804e+00	79.73	90.370554	4438	3.184e-02
135kHz_100dA_100Mss_bobN5NE0033.txt	31.25	22.30	96.03	3.23	38460.00	420.86	1.351960e+05	3.579416e+01	6.357011e+00	76.03	87.063070	4438	3.170e-02
135kHz_100dA_100Mss_bobN5NE0034.txt	31.79	22.30	96.41	3.24	38460.00	421.08	1.351960e+05	3.581384e+01	6.357815e+00	76.90	88.015748	4438	3.168e-02
135kHz_100dA_100Mss_bobN5NE0035.txt	32.3	22.33	95.26	3.20	38460.00	423.45	1.351960e+05	3.592889e+01	6.355199e+00	74.44	84.919025	4438	3.169e-02
135kHz_100dA_100Mss_bobN5NE0036.txt	32.81	22.38	94.08	3.18	38460.00	420.79	1.351960e+05	3.568473e+01	6.352736e+00	71.41	82.006256	4438	3.164e-02
135kHz_100dA_100Mss_bobN5NE0037.txt	33.33	22.40	93.34	3.15	38460.00	423.74	1.351960e+05	3.583964e+01	6.350350e+00	69.27	79.185513	4438	3.170e-02
135kHz_100dA_100Mss_bobN5NE0038.txt	34.34	22.40	97.86	3.29	38460.00	421.92	1.351960e+05	3.582837e+01	6.361777e+00	81.00	92.707630	4438	3.169e-02
135kHz_100dA_100Mss_bobN5NE0039.txt	34.85	22.40	98.44	3.31	38460.00	422.93	1.351960e+05	3.577226e+01	6.363524e+00	82.67	94.778534	4438	3.184e-02
135kHz_100dA_100Mss_bobN5NE0040.txt	35.34	22.40	98.07	3.30	38460.00	422.38	1.351960e+05	3.573949e+01	6.362008e+00	81.04	92.983008	4438	3.174e-02
135kHz_100dA_100Mss_bobN5NE0041.txt	35.87	22.40	96.61	3.26	38460.00	413.91	1.351656e+05	3.528878e+01	6.359628e+00	77.59	90.166561	4439	3.161e-02
135kHz_100dA_100Mss_bobN5NE0042.txt	36.38	22.44	95.31	3.22	38460.00	419.62	1.351960e+05	3.565772e+01	6.355481e+00	74.17	85.256487	4438	3.168e-02
135kHz_100dA_100Mss_bobN5NE0043.txt	36.9	22.49	96.10	3.24	38460.00	419.51	1.351960e+05	3.566639e+01	6.357185e+00	75.93	87.271053	4438	3.168e-02
135kHz_100dA_100Mss_bobN5NE0044.txt	37.39	22.50	96.33	3.25	38460.00	417.23	1.351960e+05	3.551420e+01	6.357928e+00	76.37	88.151721	4438	3.161e-02
135kHz_100dA_100Mss_bobN5NE0045.txt	37.91	22.50	99.11	3.32	38460.00	426.05	1.351960e+05	3.604417e+01	6.364237e+00	84.04	95.623040	4438	3.182e-02
135kHz_100dA_100Mss_bobN5NE0046.txt	38.4	22.50	93.60	3.16	38460.00	425.36	1.351960e+05	3.595198e+01	6.350955e+00	70.11	79.901704	4438	3.171e-02
135kHz_100dA_100Mss_bobN5NE0047.txt	38.92	22.50	95.41	3.21	38460.00	422.39	1.351960e+05	3.581155e+01	6.355019e+00	74.02	84.709016	4438	3.171e-02
135kHz_100dA_100Mss_bobN5NE0048.txt	39.42	22.50	94.17	3.18	38460.00	420.13	1.351960e+05	3.564955e+01	6.352839e+00	71.45	82.128897	4438	3.160e-02
135kHz_100dA_100Mss_bobN5NE0049.txt	39.93	22.50	97.44	3.28	38460.00	421.65	1.351960e+05	3.581506e+01	6.360508e+00	79.67	91.205009	4438	3.183e-02
135kHz_100dA_100Mss_bobN5NE0050.txt	40.43	22.54	94.86	3.19	38460.00	425.18	1.351960e+05	3.602391e+01	6.353633e+00	73.02	83.069159	4438	3.181e-02
135kHz_100dA_100Mss_bobN5NE0051.txt	40.93	22.59	95.77	3.23	38460.00	417.27	1.351960e+05	3.551319e+01	6.356828e+00	75.24	86.850768	4438	3.167e-02
135kHz_100dA_100Mss_bobN5NE0052.txt	41.45	22.60	95.12	3.21	38460.00	417.16	1.351960e+05	3.545442e+01	6.355414e+00	73.68	85.174473	4438	3.157e-02
135kHz_100dA_100Mss_bobN5NE0053.txt	41.97	22.60	97.04	3.28	38460.00	416.80	1.351960e+05	3.547117e+01	6.360263e+00	78.65	90.915326	4438	3.154e-02
135kHz_100dA_100Mss_bobN5NE0054.txt	42.48	22.60	98.02	3.28	38460.00	422.95	1.351960e+05	3.589653e+01	6.361742e+00	81.12	92.667723	4438	3.185e-02
135kHz_100dA_100Mss_bobN5NE0055.txt	42.98	22.60	98.06	3.28	38460.00	425.88	1.351960e+05	3.615608e+01	6.361123e+00	81.07	91.933224	4438	3.189e-02
135kHz_100dA_100Mss_bobN5NE0056.txt	43.51	22.60	96.10	3.23	38460.00	421.52	1.351960e+05	3.582679e+01	6.356913e+00	76.00	86.948424	4438	3.181e-02
135kHz_100dA_100Mss_bobN5NE0057.txt	44.54	22.60	96.60	3.25	38460.00	417.72	1.351960e+05	3.554304e+01	6.359047e+00	77.57	89.475441	4438	3.171e-02
135kHz_100dA_100Mss_bobN5NE0058.txt	45.05	22.60	94.11	3.16	38460.00	430.98	1.351960e+05	3.635818e+01	6.351071e+00	71.02	80.038753	4438	3.184e-02
135kHz_100dA_100Mss_bobN5NE0059.txt	45.56	22.66	97.33	3.28	38460.00	418.40	1.352265e+05	3.556243e+01	6.360520e+00	79.14	91.217098	4437	3.163e-02
135kHz_100dA_100Mss_bobN5NE0060.txt	46.07	22.70	95.95	3.22	38460.00	422.72	1.351960e+05	3.590222e+01	6.356511e+00	75.74	86.472999	4438	3.183e-02
135kHz_100dA_100Mss_bobN5NE0061.txt	46.59	22.70	95.67	3.22	38460.00	424.05	1.351960e+05	3.595379e+01	6.356034e+00	75.36	85.909731	4438	3.174e-02
135kHz_100dA_100Mss_bobN5NE0062.txt	47.12	22.70	96.98	3.26	38460.00	420.29	1.351960e+05	3.573098e+01	6.359573e+00	78.52	90.099495	4438	3.170e-02
135kHz_100dA_100Mss_bobN5NE0063.txt	47.64	22.70	95.58	3.21	38460.00	422.60	1.351960e+05	3.589489e+01	6.356171e+00	75.38	86.072112	4438	3.180e-02
135kHz_100dA_100Mss_bobN5NE0064.txt	48.16	22.70	94.60	3.18	38460.00	424.87	1.351960e+05	3.599604e+01	6.353407e+00	72.73	82.798859	4438	3.185e-02
135kHz_100dA_100Mss_bobN5NE0065.txt	48.67	22.70	96.56	3.24	38460.00	422.13	1.351960e+05	3.589505e+01	6.358355e+00	77.63	88.655304	4438	3.180e-02
135kHz_100dA_100Mss_bobN5NE0066.txt	49.19	22.72	95.93	3.21	38460.00	427.49	1.351960e+05	3.628242e+01	6.355678e+00	75.68	85.488127	4438	3.193e-02
135kHz_100dA_100Mss_bobN5NE0067.txt	49.7	22.77	96.66	3.25	38460.00	420.81	1.351960e+05	3.579551e+01	6.358546e+00	77.61	88.884831	4438	3.177e-02
135kHz_100dA_100Mss_bobN5NE0068.txt	50.2	22.80	96.49	3.25	38460.00	418.73	1.351960e+05	3.560154e+01	6.358907e+00	77.56	89.311781	4438	3.165e-02
135kHz_100dA_100Mss_bobN5NE0069.txt	50.7	22.80	97.83	3.29	38460.00	422.82	1.351656e+05	3.581671e+01	6.361558e+00	80.73	92.452068	4439	3.171e-02
135kHz_100dA_100Mss_bobN5NE0070.txt	51.22	22.78	94.74	3.20	38460.00	417.31	1.351960e+05	3.544976e+01	6.354516e+00	72.76	84.114758	4438	3.166e-02
135kHz_100dA_100Mss_bobN5NE0071.txt	51.74	22.73	95.58	3.21	38460.00	420.43	1.351960e+05	3.574573e+01	6.355930e+00	74.81	85.785821	4438	3.182e-02
135kHz_100dA_100Mss_bobN5NE0072.txt	52.26	22.73	94.21	3.15	38460.00	422.20	1.351960e+05	3.576962e+01	6.351805e+00	70.63	80.906135	4438	3.187e-02
135kHz_100dA_100Mss_bobN5NE0073.txt	52.92	22.79	95.50	3.21	38460.00	420.92	1.351960e+05	3.575411e+01	6.355383e+00	74.27	85.138645	4438	3.178e-02
135kHz_100dA_100Mss_bobN5NE0074.txt	53.42	22.80	96.50	3.21	38460.00	429.20	1.351960e+05	3.642681e+01	6.356742e+00	77.09	86.748050	4438	3.208e-02
135kHz_100dA_100Mss_bobN5NE0075.txt	53.93	22.80	95.11	3.20	38460.00	421.19	1.351960e+05	3.574068e+01	6.354970e+00	73.82	84.650359	4438	3.175e-02
135kHz_100dA_100Mss_bobN5NE0076.txt	54.94	22.89	96.85	3.26	38460.00	419.54	1.351656e+05	3.570260e+01	6.359263e+00	78.12	89.735270	4439	3.168e-02
135kHz_100dA_100Mss_bobN5NE0077.txt	55.47	22.90	95.27	3.20	38460.00	425.49	1.351960e+05	3.604948e+01	6.354492e+00	73.96	84.085623	4438	3.181e-02
135kHz_100dA_100Mss_bobN5NE0078.txt	55.98	22.90	97.18	3.24	38460.00	424.47	1.351960e+05	3.604629e+01	6.358824e+00	78.44	89.210788	4438	3.192e-02
135kHz_100dA_100Mss_bobN5NE0079.txt	56.5	22.90	95.14	3.18	38460.00	424.93	1.351960e+05	3.604227e+01	6.354036e+00	73.47	83.544243	4438	3.189e-02
135kHz_100dA_100Mss_bobN5NE0080.txt	57.02	22.90	96.34	3.22	38460.00	423.54	1.351960e+05	3.598342e+01	6.357242e+00	76.67	87.335788	4438	3.193e-02
135kHz_100dA_100Mss_bobN5NE0081.txt	57.54	22.90	96.34	3.23	38460.00	420.56	1.351960e+05	3.579132e+01	6.357395e+00	76.42	87.519935	4438	3.187e-02
135kHz_100dA_100Mss_bobN5NE0082.txt	58.05	22.90	93.62	3.14	38460.00	427.82	1.351960e+05	3.616759e+01	6.350868e+00	70.44	79.797964	4438	3.190e-02
135kHz_100dA_100Mss_bobN5NE0083.txt	58.57	22.90	96.28	3.22	38460.00	429.03	1.352265e+05	3.632812e+01	6.355941e+00	76.06	85.798122	4437	3.189e-02
135kHz_100dA_100Mss_bobN5NE0084.txt	59.07	22.90	94.62	3.18	38460.00	420.00	1.351960e+05	3.565747e+01	6.353906e+00	72.56	83.388972	4438	3.174e-02
135kHz_100dA_100Mss_bobN5NE0085.txt	59.57	22.90	96.61	3.24	38460.00	424.46	1.351960e+05	3.605882e+01	6.357723e+00	77.33	87.907340	4438	3.189e-02
135kHz_100dA_100Mss_bobN5NE0086.txt	60.1	22.91	96.05	3.23	38460.00	422.22	1.351960e+05	3.583748e+01	6.356749e+00	75.85	86.754553	4438	3.172e-02
135kHz_100dA_100Mss_bobN5NE0087.txt	60.61	22.96	96.24	3.23	38460.00	420.32	1.351960e+05	3.573606e+01	6.357326e+00	76.23	87.437676	4438	3.180e-02
135kHz_100dA_100Mss_bobN5NE0088.txt	61.12	23.00	95.04	3.19	38460.00	423.32	1.351960e+05	3.587880e+01	6.353999e+00	73.10	83.500731	4438	3.191e-02
135kHz_100dA_100Mss_bobN5NE0089.txt	61.64	23.00	94.79	3.18	38460.00	422.78	1.351960e+05	3.585349e+01	6.353846e+00	72.89	83.322132	4438	3.179e-02
135kHz_100dA_100Mss_bobN5NE0090.txt	62.17	23.00	94.22	3.18	38460.00	418.28	1.351960e+05	3.546933e+01	6.353030e+00	71.28	82.357535	4438	3.169e-02
135kHz_100dA_100Mss_bobN5NE0091.txt	62.67	23.00	95.10	3.18	38460.00	423.47	1.351960e+05	3.592135e+01	6.354348e+00	73.55	83.915942	4438	3.190e-02
135kHz_100dA_100Mss_bobN5NE0092.txt	63.19	23.00	95.63	3.20	38460.00	426.62	1.351960e+05	3.617158e+01	6.355294e+00	75.05	85.034775	4438	3.189e-02
135kHz_100dA_100Mss_bobN5NE0093.txt	63.69	23.00	96.91	3.25	38460.00	421.31	1.351960e+05	3.586761e+01	6.359181e+00	78.42	89.636741	4438	3.189e-02
135kHz_100dA_100Mss_bobN5NE0094.txt	64.21	23.00	94.02	3.17	38460.00	419.36	1.351960e+05	3.557025e+01	6.352756e+00	71.20	82.034526	4438	3.171e-02
135kHz_100dA_100Mss_bobN5NE0095.txt	65.2	23.00	97.44	3.27	38460.00	417.66	1.351960e+05	3.551356e+01	6.361265e+00	79.77	92.105529	4438	3.181e-02
135kHz_100dA_100Mss_bobN5NE0096.txt	65.71	23.00	95.71	3.21	38460.00	421.53	1.351960e+05	3.577293e+01	6.355581e+00	74.51	85.375389	4438	3.194e-02
135kHz_100dA_100Mss_bobN5NE0097.txt	66.22	23.02	95.48	3.20	38460.00	422.27	1.351960e+05	3.583709e+01	6.354924e+00	73.97	84.598600	4438	3.192e-02
135kHz_100dA_100Mss_bobN5NE0098.txt	66.73	23.07	96.38	3.23	38460.00	423.17	1.351960e+05	3.598411e+01	6.357265e+00	76.69	87.370560	4438	3.191e-02
135kHz_100dA_100Mss_bobN5NE0099.txt	67.23	23.10	94.99	3.16	38460.00	431.38	1.351960e+05	3.648065e+01	6.353207e+00	73.50	82.569102	4438	3.194e-02
135kHz_100dA_100Mss_bobN5NE0100.txt	67.76	23.10	94.77	3.18	38460.00	423.15	1.351960e+05	3.591553e+01	6.353516e+00	72.68	82.934233	4438	3.186e-02
135kHz_100dA_100Mss_bobN5NE0101.txt	68.29	23.10	95.31	3.20	38460.00	425.01	1.351960e+05	3.601785e+01	6.354610e+00	74.02	84.227416	4438	3.186e-02
135kHz_100dA_100Mss_bobN5NE0102.txt	68.8	23.10	98.02	3.30	38460.00	423.71	1.351960e+05	3.597059e+01	6.361573e+00	81.11	92.471123	4438	3.178e-02
135kHz_100dA_100Mss_bobN5NE0103.txt	69.31	23.10	96.90	3.26	38460.00	420.23	1.351960e+05	3.573348e+01	6.359423e+00	78.37	89.924718	4438	3.177e-02
135kHz_100dA_100Mss_bobN5NE0104.txt	69.82	23.10	95.48	3.23	38460.00	414.47	1.351960e+05	3.528814e+01	6.356931e+00	74.87	86.973593	4438	3.164e-02
135kHz_100dA_100Mss_bobN5NE0105.txt	70.34	23.13	95.05	3.20	38460.00	417.02	1.351960e+05	3.546287e+01	6.355588e+00	73.87	85.384860	4438	3.170e-02
135kHz_100dA_100Mss_bobN5NE0106.txt	70.85	23.18	95.49	3.22	38460.00	418.10	1.351960e+05	3.557740e+01	6.356761e+00	75.31	86.772823	4438	3.166e-02
135kHz_100dA_100Mss_bobN5NE0107.txt	71.37	23.20	95.41	3.21	38460.00	419.83	1.351960e+05	3.569419e+01	6.356092e+00	74.87	85.982376	4438	3.169e-02
135kHz_100dA_100Mss_bobN5NE0108.txt	71.88	23.20	96.17	3.23	38460.00	425.35	1.351960e+05	3.608493e+01	6.356469e+00	76.08	86.427951	4438	3.183e-02
135kHz_100dA_100Mss_bobN5NE0109.txt	72.41	23.20	98.32	3.30	38460.00	422.06	1.351960e+05	3.581362e+01	6.362599e+00	81.81	93.686112	4438	3.189e-02
135kHz_100dA_100Mss_bobN5NE0110.txt	72.93	23.20	95.18	3.21	38460.00	419.13	1.351656e+05	3.564198e+01	6.355853e+00	74.50	85.698869	4439	3.168e-02
135kHz_100dA_100Mss_bobN5NE0111.txt	73.48	23.20	95.20	3.22	38460.00	415.73	1.351656e+05	3.537439e+01	6.355604e+00	73.69	85.406039	4439	3.158e-02
135kHz_100dA_100Mss_bobN5NE0112.txt	74.11	23.20	95.43	3.20	38460.00	421.08	1.351656e+05	3.577524e+01	6.355461e+00	74.38	85.234615	4439	3.180e-02
135kHz_100dA_100Mss_bobN5NE0113.txt	74.68	23.20	95.35	3.22	38460.00	413.76	1.351960e+05	3.526199e+01	6.356581e+00	74.46	86.559400	4438	3.164e-02
135kHz_100dA_100Mss_bobN5NE0114.txt	75.69	23.20	97.62	3.26	38460.00	424.31	1.351960e+05	3.604413e+01	6.360178e+00	79.84	90.818111	4438	3.200e-02
135kHz_100dA_100Mss_bobN5NE0115.txt	76.2	23.20	98.18	3.28	38460.00	425.02	1.351960e+05	3.602275e+01	6.361938e+00	81.61	92.902696	4438	3.196e-02
135kHz_100dA_100Mss_bobN5NE0116.txt	76.7	23.20	95.11	3.19	38460.00	421.16	1.351656e+05	3.580684e+01	6.355159e+00	74.13	84.878368	4439	3.183e-02
135kHz_100dA_100Mss_bobN5NE0117.txt	77.2	23.22	97.74	3.27	38460.00	424.55	1.351960e+05	3.598004e+01	6.360983e+00	80.53	91.772189	4438	3.194e-02
135kHz_100dA_100Mss_bobN5NE0118.txt	77.71	23.27	93.89	3.16	38460.00	423.38	1.351960e+05	3.583314e+01	6.351610e+00	70.55	80.679055	4438	3.172e-02
135kHz_100dA_100Mss_bobN5NE0119.txt	78.21	23.30	96.03	3.23	38460.00	415.21	1.351656e+05	3.539241e+01	6.358155e+00	76.32	88.424012	4439	3.169e-02
135kHz_100dA_100Mss_bobN5NE0120.txt	78.74	23.30	96.23	3.24	38460.00	420.14	1.351960e+05	3.571604e+01	6.358069e+00	76.95	88.322803	4438	3.173e-02
135kHz_100dA_100Mss_bobN5NE0121.txt	79.25	23.30	97.85	3.29	38460.00	418.47	1.351960e+05	3.553134e+01	6.362067e+00	80.63	93.057832	4438	3.173e-02
135kHz_100dA_100Mss_bobN5NE0122.txt	79.77	23.30	95.93	3.23	38460.00	420.42	1.351656e+05	3.574009e+01	6.356775e+00	75.65	86.791994	4439	3.174e-02
135kHz_100dA_100Mss_bobN5NE0123.txt	80.27	23.30	93.64	3.14	38460.00	428.24	1.351656e+05	3.619879e+01	6.350347e+00	69.94	79.186834	4439	3.192e-02
135kHz_100dA_100Mss_bobN5NE0124.txt	80.78	23.30	95.64	3.22	38460.00	418.88	1.351656e+05	3.564148e+01	6.356596e+00	75.26	86.579302	4439	3.169e-02
135kHz_100dA_100Mss_bobN5NE0125.txt	81.27	23.33	95.15	3.22	38460.00	414.15	1.351960e+05	3.528238e+01	6.356447e+00	74.37	86.402773	4438	3.163e-02
135kHz_100dA_100Mss_bobN5NE0126.txt	81.86	23.39	96.56	3.25	38460.00	421.82	1.351960e+05	3.588390e+01	6.358633e+00	77.89	88.988928	4438	3.181e-02
135kHz_100dA_100Mss_bobN5NE0127.txt	82.38	23.36	92.52	3.13	38460.00	422.43	1.351960e+05	3.566894e+01	6.349329e+00	67.89	77.980554	4438	3.164e-02
135kHz_100dA_100Mss_bobN5NE0128.txt	82.89	23.31	95.07	3.19	38460.00	421.08	1.351960e+05	3.573304e+01	6.354327e+00	73.14	83.894000	4438	3.185e-02
135kHz_100dA_100Mss_bobN5NE0129.txt	83.39	23.34	97.39	3.27	38460.00	420.21	1.351960e+05	3.571853e+01	6.360045e+00	78.98	90.660461	4438	3.188e-02
135kHz_100dA_100Mss_bobN5NE0130.txt	83.91	23.39	96.04	3.24	38460.00	417.73	1.351960e+05	3.556945e+01	6.357844e+00	76.40	88.054238	4438	3.174e-02
135kHz_100dA_100Mss_bobN5NE0131.txt	84.42	23.40	96.44	3.23	38460.00	421.47	1.351960e+05	3.585761e+01	6.357675e+00	76.85	87.853932	4438	3.185e-02
135kHz_100dA_100Mss_bobN5NE0132.txt	84.93	23.40	95.17	3.21	38460.00	422.66	1.351960e+05	3.585665e+01	6.355218e+00	74.31	84.946741	4438	3.168e-02
135kHz_100dA_100Mss_bobN5NE0133.txt	85.94	23.40	95.34	3.20	38460.00	420.63	1.351960e+05	3.574366e+01	6.355504e+00	74.37	85.288635	4438	3.177e-02
135kHz_100dA_100Mss_bobN5NE0134.txt	86.44	23.40	97.62	3.28	38460.00	420.92	1.351960e+05	3.576484e+01	6.360799e+00	79.86	91.557927	4438	3.187e-02
135kHz_100dA_100Mss_bobN5NE0135.txt	86.96	23.40	96.41	3.25	38460.00	416.29	1.351960e+05	3.540000e+01	6.359183e+00	77.40	89.641797	4438	3.170e-02
135kHz_100dA_100Mss_bobN5NE0136.txt	87.46	23.40	96.50	3.24	38460.00	423.83	1.351960e+05	3.602660e+01	6.357742e+00	77.28	87.933941	4438	3.185e-02
135kHz_100dA_100Mss_bobN5NE0137.txt	87.97	23.40	95.01	3.20	38460.00	418.01	1.351960e+05	3.553003e+01	6.355208e+00	73.63	84.935867	4438	3.169e-02
135kHz_100dA_100Mss_bobN5NE0138.txt	88.49	23.40	97.11	3.26	38460.00	415.34	1.351960e+05	3.533733e+01	6.360703e+00	78.80	91.442063	4438	3.180e-02
135kHz_100dA_100Mss_bobN5NE0139.txt	89.01	23.40	96.34	3.24	38460.00	420.17	1.351960e+05	3.574916e+01	6.358446e+00	77.40	88.767959	4438	3.177e-02
135kHz_100dA_100Mss_bobN5NE0140.txt	89.52	23.40	95.20	3.20	38460.00	422.70	1.351656e+05	3.587884e+01	6.355196e+00	74.32	84.923480	4439	3.172e-02
135kHz_100dA_100Mss_bobN5NE0141.txt	90.03	23.40	97.20	3.27	38460.00	417.85	1.351960e+05	3.551172e+01	6.360666e+00	79.15	91.399040	4438	3.183e-02
135kHz_100dA_100Mss_bobN5NE0142.txt	90.55	23.40	94.50	3.19	38460.00	418.14	1.351960e+05	3.549758e+01	6.354192e+00	72.52	83.734903	4438	3.157e-02
135kHz_100dA_100Mss_bobN5NE0143.txt	91.06	23.41	95.14	3.21	38460.00	418.34	1.351960e+05	3.556039e+01	6.355305e+00	73.79	85.050011	4438	3.173e-02
135kHz_100dA_100Mss_bobN5NE0144.txt	91.58	23.46	96.00	3.23	38460.00	416.14	1.351960e+05	3.546741e+01	6.357820e+00	76.16	88.028680	4438	3.179e-02
135kHz_100dA_100Mss_bobN5NE0145.txt	92.08	23.50	96.10	3.22	38460.00	421.10	1.351960e+05	3.579105e+01	6.356855e+00	75.86	86.885264	4438	3.191e-02
135kHz_100dA_100Mss_bobN5NE0146.txt	92.58	23.50	94.69	3.21	38460.00	413.59	1.351960e+05	3.520870e+01	6.354939e+00	72.69	84.617863	4438	3.155e-02
135kHz_100dA_100Mss_bobN5NE0147.txt	93.12	23.50	96.28	3.25	38460.00	414.09	1.351960e+05	3.529409e+01	6.358962e+00	76.94	89.380583	4438	3.162e-02
135kHz_100dA_100Mss_bobN5NE0148.txt	93.63	23.50	95.37	3.20	38460.00	423.05	1.351960e+05	3.590329e+01	6.355125e+00	74.31	84.839811	4438	3.182e-02
135kHz_100dA_100Mss_bobN5NE0149.txt	94.17	23.50	96.61	3.25	38460.00	420.14	1.351960e+05	3.573530e+01	6.358683e+00	77.62	89.050380	4438	3.185e-02
135kHz_100dA_100Mss_bobN5NE0150.txt	94.81	23.50	94.30	3.19	38460.00	416.86	1.351960e+05	3.540735e+01	6.353320e+00	71.45	82.703408	4438	3.167e-02
135kHz_100dA_100Mss_bobN5NE0151.txt	95.32	23.53	95.97	3.23	38460.00	418.16	1.351960e+05	3.558818e+01	6.357182e+00	75.76	87.272654	4438	3.182e-02
135kHz_100dA_100Mss_bobN5NE0152.txt	96.36	23.60	96.24	3.24	38460.00	412.85	1.351960e+05	3.522653e+01	6.359081e+00	76.92	89.522134	4438	3.173e-02
135kHz_100dA_100Mss_bobN5NE0153.txt	96.88	23.60	98.13	3.28	38460.00	420.21	1.351960e+05	3.566694e+01	6.362688e+00	81.57	93.791817	4438	3.194e-02
135kHz_100dA_100Mss_bobN5NE0154.txt	97.4	23.56	94.30	3.17	38460.00	423.05	1.351960e+05	3.581873e+01	6.352682e+00	71.63	81.946068	4438	3.176e-02
135kHz_100dA_100Mss_bobN5NE0155.txt	97.92	23.51	96.73	3.25	38460.00	419.24	1.351960e+05	3.568399e+01	6.359091e+00	77.92	89.531779	4438	3.179e-02
135kHz_100dA_100Mss_bobN5NE0156.txt	98.41	23.54	97.80	3.28	38460.00	422.70	1.351960e+05	3.590800e+01	6.361216e+00	80.60	92.049043	4438	3.185e-02
135kHz_100dA_100Mss_bobN5NE0157.txt	98.95	23.60	94.21	3.17	38460.00	421.61	1.351960e+05	3.572509e+01	6.352249e+00	70.99	81.432595	4438	3.182e-02
135kHz_100dA_100Mss_bobN5NE0158.txt	99.46	23.60	96.88	3.25	38460.00	420.36	1.351960e+05	3.576659e+01	6.359160e+00	78.18	89.611686	4438	3.187e-02
135kHz_100dA_100Mss_bobN5NE0159.txt	100.01	23.60	95.76	3.20	38460.00	421.49	1.351960e+05	3.584897e+01	6.356455e+00	75.57	86.409694	4438	3.189e-02
135kHz_100dA_100Mss_bobN5NE0160.txt	100.53	23.60	94.15	3.16	38460.00	422.02	1.351960e+05	3.578370e+01	6.352454e+00	71.32	81.675419	4438	3.188e-02
135kHz_100dA_100Mss_bobN5NE0161.txt	101.06	23.60	96.34	3.23	38460.00	421.48	1.351960e+05	3.583314e+01	6.357552e+00	76.67	87.707438	4438	3.189e-02
135kHz_100dA_100Mss_bobN5NE0162.txt	101.59	23.60	94.03	3.15	38460.00	423.55	1.351960e+05	3.587234e+01	6.351788e+00	70.81	80.886389	4438	3.187e-02
135kHz_100dA_100Mss_bobN5NE0163.txt	102.13	23.60	94.86	3.21	38460.00	409.00	1.351960e+05	3.488921e+01	6.355917e+00	73.01	85.772858	4438	3.156e-02
135kHz_100dA_100Mss_bobN5NE0164.txt	102.64	23.60	97.37	3.26	38460.00	422.94	1.351960e+05	3.589140e+01	6.360434e+00	79.76	91.120348	4438	3.190e-02
135kHz_100dA_100Mss_bobN5NE0165.txt	103.17	23.60	95.75	3.22	38460.00	420.87	1.351960e+05	3.581129e+01	6.357181e+00	76.24	87.270304	4438	3.181e-02
135kHz_100dA_100Mss_bobN5NE0166.txt	103.68	23.60	94.49	3.16	38460.00	423.76	1.351960e+05	3.591000e+01	6.353142e+00	72.28	82.491301	4438	3.198e-02
135kHz_100dA_100Mss_bobN5NE0167.txt	104.2	23.62	94.72	3.17	38460.00	424.41	1.351960e+05	3.599063e+01	6.353444e+00	72.76	82.848476	4438	3.195e-02
135kHz_100dA_100Mss_bobN5NE0168.txt	104.73	23.67	97.63	3.25	38460.00	425.00	1.351960e+05	3.604908e+01	6.360138e+00	79.81	90.771825	4438	3.203e-02
135kHz_100dA_100Mss_bobN5NE0169.txt	105.25	23.70	95.57	3.20	38460.00	422.63	1.351960e+05	3.589569e+01	6.355651e+00	74.84	85.461956	4438	3.196e-02
135kHz_100dA_100Mss_bobN5NE0170.txt	105.75	23.70	94.50	3.18	38460.00	420.27	1.351960e+05	3.566121e+01	6.353763e+00	72.42	83.227540	4438	3.178e-02
135kHz_100dA_100Mss_bobN5NE0171.txt	106.78	23.78	96.38	3.24	38460.00	416.96	1.351960e+05	3.551059e+01	6.358287e+00	76.73	88.580918	4438	3.179e-02
135kHz_100dA_100Mss_bobN5NE0172.txt	107.3	23.80	96.44	3.23	38460.00	421.71	1.351960e+05	3.587228e+01	6.357747e+00	76.95	87.942092	4438	3.188e-02
135kHz_100dA_100Mss_bobN5NE0173.txt	107.81	23.80	94.06	3.17	38460.00	415.80	1.351656e+05	3.533596e+01	6.353015e+00	70.98	82.342641	4439	3.171e-02
135kHz_100dA_100Mss_bobN5NE0174.txt	108.33	23.80	96.18	3.22	38460.00	421.65	1.351960e+05	3.584391e+01	6.357206e+00	76.33	87.302362	4438	3.194e-02
135kHz_100dA_100Mss_bobN5NE0175.txt	108.86	23.80	95.91	3.22	38460.00	417.24	1.351960e+05	3.551712e+01	6.356990e+00	75.42	87.047148	4438	3.189e-02
135kHz_100dA_100Mss_bobN5NE0176.txt	109.38	23.80	97.92	3.29	38460.00	416.84	1.351960e+05	3.537043e+01	6.362861e+00	81.07	94.000834	4438	3.183e-02
135kHz_100dA_100Mss_bobN5NE0177.txt	109.89	23.80	93.88	3.16	38460.00	419.86	1.351960e+05	3.560861e+01	6.352385e+00	70.90	81.598525	4438	3.179e-02
135kHz_100dA_100Mss_bobN5NE0178.txt	110.4	23.80	96.84	3.25	38460.00	417.97	1.351656e+05	3.558513e+01	6.359806e+00	78.42	90.378293	4439	3.179e-02
135kHz_100dA_100Mss_bobN5NE0179.txt	111.02	23.80	93.42	3.15	38460.00	417.05	1.351960e+05	3.539339e+01	6.352015e+00	70.10	81.158653	4438	3.169e-02
135kHz_100dA_100Mss_bobN5NE0180.txt	111.52	23.80	95.79	3.21	38460.00	420.75	1.351960e+05	3.577575e+01	6.356890e+00	75.86	86.927616	4438	3.188e-02
135kHz_100dA_100Mss_bobN5NE0181.txt	112.03	23.80	93.43	3.16	38460.00	418.30	1.351656e+05	3.547296e+01	6.352161e+00	70.39	81.333396	4439	3.156e-02
135kHz_100dA_100Mss_bobN5NE0182.txt	112.55	23.80	92.85	3.12	38460.00	418.52	1.351960e+05	3.547713e+01	6.350197e+00	68.41	79.006971	4438	3.162e-02
135kHz_100dA_100Mss_bobN5NE0183.txt	113.07	23.80	92.39	3.10	38460.00	429.26	1.351960e+05	3.616429e+01	6.347884e+00	67.33	76.272061	4438	3.188e-02
135kHz_100dA_100Mss_bobN5NE0184.txt	113.59	23.80	95.89	3.21	38460.00	420.90	1.351960e+05	3.579881e+01	6.356337e+00	75.34	86.271355	4438	3.193e-02
135kHz_100dA_100Mss_bobN5NE0185.txt	114.1	23.81	95.90	3.21	38460.00	422.00	1.351960e+05	3.587156e+01	6.356762e+00	75.93	86.772244	4438	3.193e-02
135kHz_100dA_100Mss_bobN5NE0186.txt	114.62	23.86	93.52	3.14	38460.00	421.03	1.351960e+05	3.566918e+01	6.351494e+00	70.11	80.539236	4438	3.172e-02
135kHz_100dA_100Mss_bobN5NE0187.txt	115.15	23.90	95.28	3.21	38460.00	417.89	1.351656e+05	3.554965e+01	6.356317e+00	74.78	86.245801	4439	3.170e-02
135kHz_100dA_100Mss_bobN5NE0188.txt	115.65	23.90	95.72	3.22	38460.00	417.14	1.351960e+05	3.551926e+01	6.357198e+00	75.63	87.289575	4438	3.174e-02
135kHz_100dA_100Mss_bobN5NE0189.txt	116.17	23.90	95.73	3.22	38460.00	419.48	1.351960e+05	3.567283e+01	6.357027e+00	75.79	87.087469	4438	3.169e-02
135kHz_100dA_100Mss_bobN5NE0190.txt	117.28	23.90	93.80	3.15	38460.00	420.33	1.351960e+05	3.564105e+01	6.352390e+00	70.97	81.600630	4438	3.175e-02
135kHz_100dA_100Mss_bobN5NE0191.txt	117.78	23.90	94.50	3.16	38460.00	424.97	1.351960e+05	3.597230e+01	6.352676e+00	71.93	81.938632	4438	3.189e-02
135kHz_100dA_100Mss_bobN5NE0192.txt	118.27	23.90	96.90	3.23	38460.00	425.85	1.351960e+05	3.616479e+01	6.358376e+00	78.23	88.684516	4438	3.203e-02
135kHz_100dA_100Mss_bobN5NE0193.txt	118.76	23.90	95.88	3.21	38460.00	419.12	1.351960e+05	3.566328e+01	6.356890e+00	75.62	86.925191	4438	3.187e-02
135kHz_100dA_100Mss_bobN5NE0194.txt	119.27	23.90	97.23	3.24	38460.00	426.73	1.351960e+05	3.626786e+01	6.359229e+00	79.34	89.694750	4438	3.200e-02
135kHz_100dA_100Mss_bobN5NE0195.txt	119.76	23.90	96.36	3.23	38460.00	419.29	1.351960e+05	3.563509e+01	6.358889e+00	77.61	89.293353	4438	3.182e-02
135kHz_100dA_100Mss_bobN5NE0196.txt	120.27	23.90	95.51	3.20	38460.00	420.07	1.351656e+05	3.574347e+01	6.356218e+00	75.09	86.131650	4439	3.183e-02
135kHz_100dA_100Mss_bobN5NE0197.txt	120.78	23.90	95.75	3.20	38460.00	422.45	1.351960e+05	3.591444e+01	6.356522e+00	75.78	86.491325	4438	3.180e-02
135kHz_100dA_100Mss_bobN5NE0198.txt	121.29	23.90	95.76	3.21	38460.00	418.10	1.351960e+05	3.558549e+01	6.357035e+00	75.61	87.097570	4438	3.181e-02
135kHz_100dA_100Mss_bobN5NE0199.txt	121.82	23.90	95.80	3.22	38460.00	414.42	1.351656e+05	3.536162e+01	6.357492e+00	75.58	87.639856	4439	3.175e-02
135kHz_100dA_100Mss_bobN5NE0200.txt	122.32	23.90	92.68	3.14	38460.00	415.10	1.351656e+05	3.520532e+01	6.350483e+00	68.16	79.347696	4439	3.157e-02
135kHz_100dA_100Mss_bobN5NE0201.txt	122.83	23.90	96.87	3.24	38460.00	420.14	1.351960e+05	3.576566e+01	6.359344e+00	78.36	89.834406	4438	3.193e-02
135kHz_100dA_100Mss_bobN5NE0202.txt	123.34	23.90	96.54	3.24	38460.00	419.62	1.351960e+05	3.572588e+01	6.359088e+00	78.01	89.529975	4438	3.184e-02
135kHz_100dA_100Mss_bobN5NE0203.txt	123.85	23.90	94.89	3.19	38460.00	415.72	1.351960e+05	3.536654e+01	6.355081e+00	73.16	84.786120	4438	3.171e-02
135kHz_100dA_100Mss_bobN5NE0204.txt	124.36	23.94	96.96	3.27	38460.00	414.72	1.351960e+05	3.525926e+01	6.361046e+00	78.98	91.848117	4438	3.169e-02
135kHz_100dA_100Mss_bobN5NE0205.txt	124.89	23.99	95.08	3.19	38460.00	420.66	1.351656e+05	3.578615e+01	6.355540e+00	74.48	85.329842	4439	3.181e-02
135kHz_100dA_100Mss_bobN5NE0206.txt	125.39	23.96	95.91	3.23	38460.00	413.86	1.351656e+05	3.528649e+01	6.358635e+00	76.58	88.992157	4439	3.164e-02
135kHz_100dA_100Mss_bobN5NE0207.txt	125.92	23.91	94.39	3.19	38460.00	415.32	1.351960e+05	3.535607e+01	6.354580e+00	72.63	84.193598	4438	3.166e-02
135kHz_100dA_100Mss_bobN5NE0208.txt	126.43	23.94	95.39	3.20	38460.00	419.08	1.351960e+05	3.563807e+01	6.356431e+00	75.10	86.385297	4438	3.185e-02
135kHz_100dA_100Mss_bobN5NE0209.txt	127.46	24.00	95.38	3.22	38460.00	417.42	1.351656e+05	3.552004e+01	6.356647e+00	75.06	86.641981	4439	3.166e-02
135kHz_100dA_100Mss_bobN5NE0210.txt	128.0	24.00	94.86	3.19	38460.00	419.32	1.351960e+05	3.562188e+01	6.355011e+00	73.62	84.704479	4438	3.175e-02
135kHz_100dA_100Mss_bobN5NE0211.txt	128.52	24.00	93.99	3.17	38460.00	419.51	1.351960e+05	3.560477e+01	6.353795e+00	72.34	83.266173	4438	3.162e-02
135kHz_100dA_100Mss_bobN5NE0212.txt	129.04	24.00	94.77	3.19	38460.00	417.16	1.351960e+05	3.546841e+01	6.355213e+00	73.50	84.943294	4438	3.175e-02
135kHz_100dA_100Mss_bobN5NE0213.txt	129.56	24.00	95.50	3.21	38460.00	416.57	1.351656e+05	3.549561e+01	6.357073e+00	75.44	87.144720	4439	3.172e-02
135kHz_100dA_100Mss_bobN5NE0214.txt	130.06	24.00	94.86	3.19	38460.00	420.47	1.351656e+05	3.575805e+01	6.355439e+00	74.32	85.210526	4439	3.175e-02
135kHz_100dA_100Mss_bobN5NE0215.txt	130.57	24.00	95.59	3.22	38460.00	416.45	1.351656e+05	3.545737e+01	6.357887e+00	76.19	88.109699	4439	3.167e-02
135kHz_100dA_100Mss_bobN5NE0216.txt	131.09	24.00	92.85	3.15	38460.00	414.99	1.351960e+05	3.524154e+01	6.351423e+00	69.20	80.459664	4438	3.160e-02
135kHz_100dA_100Mss_bobN5NE0217.txt	131.6	24.00	94.92	3.19	38460.00	415.44	1.351656e+05	3.538528e+01	6.355921e+00	74.03	85.782086	4439	3.178e-02
135kHz_100dA_100Mss_bobN5NE0218.txt	132.12	24.00	93.67	3.16	38460.00	418.95	1.351656e+05	3.554849e+01	6.352998e+00	71.39	82.322191	4439	3.171e-02
135kHz_100dA_100Mss_bobN5NE0219.txt	132.64	24.00	94.24	3.18	38460.00	418.78	1.351656e+05	3.555410e+01	6.354122e+00	72.55	83.653702	4439	3.168e-02
135kHz_100dA_100Mss_bobN5NE0220.txt	133.18	24.02	95.36	3.21	38460.00	417.90	1.351656e+05	3.554337e+01	6.356810e+00	75.27	86.834523	4439	3.166e-02
135kHz_100dA_100Mss_bobN5NE0221.txt	133.69	24.07	93.00	3.14	38460.00	416.46	1.351656e+05	3.535599e+01	6.351852e+00	69.84	80.966144	4439	3.163e-02
135kHz_100dA_100Mss_bobN5NE0222.txt	134.21	24.10	96.23	3.25	38460.00	414.09	1.351960e+05	3.525245e+01	6.359701e+00	77.60	90.252169	4438	3.157e-02
135kHz_100dA_100Mss_bobN5NE0223.txt	134.74	24.10	96.74	3.27	38460.00	418.12	1.351960e+05	3.556526e+01	6.360732e+00	79.34	91.475952	4438	3.159e-02
135kHz_100dA_100Mss_bobN5NE0224.txt	135.24	24.10	96.57	3.25	38460.00	416.02	1.351960e+05	3.541979e+01	6.359719e+00	77.99	90.275422	4438	3.174e-02
135kHz_100dA_100Mss_bobN5NE0225.txt	135.76	24.10	93.75	3.16	38460.00	419.36	1.351960e+05	3.557346e+01	6.352987e+00	71.45	82.307576	4438	3.169e-02
135kHz_100dA_100Mss_bobN5NE0226.txt	136.29	24.10	93.90	3.16	38460.00	423.85	1.351960e+05	3.587809e+01	6.352575e+00	71.63	81.819039	4438	3.173e-02
135kHz_100dA_100Mss_bobN5NE0227.txt	136.79	24.10	94.66	3.18	38460.00	421.50	1.351960e+05	3.576711e+01	6.354961e+00	73.86	84.643484	4438	3.180e-02
135kHz_100dA_100Mss_bobN5NE0228.txt	138.16	24.10	95.12	3.20	38460.00	419.68	1.351960e+05	3.564172e+01	6.356265e+00	74.94	86.184890	4438	3.173e-02
135kHz_100dA_100Mss_bobN5NE0229.txt	138.67	24.10	95.40	3.21	38460.00	415.73	1.351960e+05	3.541589e+01	6.357646e+00	75.87	87.820643	4438	3.174e-02
135kHz_100dA_100Mss_bobN5NE0230.txt	139.21	24.10	93.48	3.17	38460.00	414.48	1.351960e+05	3.520644e+01	6.353465e+00	71.19	82.873218	4438	3.147e-02
135kHz_100dA_100Mss_bobN5NE0231.txt	139.83	24.10	92.58	3.12	38460.00	419.90	1.351656e+05	3.555751e+01	6.350457e+00	68.82	79.315290	4439	3.165e-02
135kHz_100dA_100Mss_bobN5NE0232.txt	140.35	24.10	94.48	3.19	38460.00	414.59	1.351656e+05	3.532907e+01	6.355822e+00	73.82	85.663699	4439	3.167e-02
135kHz_100dA_100Mss_bobN5NE0233.txt	140.86	24.10	94.49	3.19	38460.00	418.52	1.351656e+05	3.557146e+01	6.355539e+00	74.03	85.329694	4439	3.166e-02
135kHz_100dA_100Mss_bobN5NE0234.txt	141.39	24.10	94.38	3.19	38460.00	416.13	1.351656e+05	3.542701e+01	6.355765e+00	73.96	85.596327	4439	3.162e-02
135kHz_100dA_100Mss_bobN5NE0235.txt	141.9	24.10	93.80	3.18	38460.00	414.51	1.351656e+05	3.526456e+01	6.355052e+00	72.90	84.755342	4439	3.148e-02
135kHz_100dA_100Mss_bobN5NE0236.txt	142.43	24.10	94.91	3.21	38460.00	416.84	1.351656e+05	3.547566e+01	6.357327e+00	75.66	87.448241	4439	3.150e-02
135kHz_100dA_100Mss_bobN5NE0237.txt	142.94	24.10	92.51	3.13	38460.00	415.97	1.351960e+05	3.526412e+01	6.351006e+00	68.82	79.968436	4438	3.137e-02
135kHz_100dA_100Mss_bobN5NE0238.txt	143.47	24.10	93.56	3.17	38460.00	414.78	1.351960e+05	3.529282e+01	6.354335e+00	72.25	83.906764	4438	3.143e-02
135kHz_100dA_100Mss_bobN5NE0239.txt	143.99	24.10	93.00	3.16	38460.00	412.17	1.351960e+05	3.503603e+01	6.353658e+00	71.04	83.105514	4438	3.127e-02
135kHz_100dA_100Mss_bobN5NE0240.txt	144.51	24.15	94.80	3.21	38460.00	412.35	1.351656e+05	3.514917e+01	6.357962e+00	75.60	88.200031	4439	3.152e-02
135kHz_100dA_100Mss_bobN5NE0241.txt	145.02	24.20	93.56	3.19	38460.00	410.66	1.351656e+05	3.495582e+01	6.355588e+00	72.80	85.389783	4439	3.133e-02
135kHz_100dA_100Mss_bobN5NE0242.txt	145.53	24.20	95.11	3.23	38460.00	411.34	1.351960e+05	3.504620e+01	6.358380e+00	75.82	88.694515	4438	3.148e-02
135kHz_100dA_100Mss_bobN5NE0243.txt	146.03	24.20	92.44	3.14	38460.00	412.57	1.351656e+05	3.502403e+01	6.352238e+00	69.57	81.424030	4439	3.140e-02
135kHz_100dA_100Mss_bobN5NE0244.txt	146.57	24.14	93.86	3.18	38460.00	416.93	1.351656e+05	3.542308e+01	6.355424e+00	73.61	85.196095	4439	3.155e-02
135kHz_100dA_100Mss_bobN5NE0245.txt	147.2	24.10	94.12	3.19	38460.00	412.47	1.351960e+05	3.512866e+01	6.356644e+00	74.24	86.639621	4438	3.149e-02
135kHz_100dA_100Mss_bobN5NE0246.txt	147.71	24.10	94.57	3.21	38460.00	411.69	1.351656e+05	3.509441e+01	6.357871e+00	75.39	88.091343	4439	3.145e-02
135kHz_100dA_100Mss_bobN5NE0247.txt	148.74	24.17	92.73	3.14	38460.00	419.26	1.351960e+05	3.554092e+01	6.352168e+00	70.55	81.342613	4438	3.151e-02
135kHz_100dA_100Mss_bobN5NE0248.txt	149.27	24.20	94.85	3.23	38460.00	411.22	1.351656e+05	3.504947e+01	6.358784e+00	76.21	89.173282	4439	3.139e-02
135kHz_100dA_100Mss_bobN5NE0249.txt	149.79	24.20	94.52	3.22	38460.00	410.17	1.351960e+05	3.495127e+01	6.357748e+00	74.98	87.945249	4438	3.146e-02
135kHz_100dA_100Mss_bobN5NE0250.txt	150.32	24.20	92.81	3.15	38460.00	416.69	1.351960e+05	3.539657e+01	6.352890e+00	70.99	82.195273	4438	3.135e-02
135kHz_100dA_100Mss_bobN5NE0251.txt	150.82	24.20	91.09	3.10	38460.00	413.75	1.351656e+05	3.506249e+01	6.349638e+00	67.03	78.352085	4439	3.135e-02
135kHz_100dA_100Mss_bobN5NE0252.txt	151.34	24.23	94.78	3.21	38460.00	412.48	1.351656e+05	3.515903e+01	6.358389e+00	76.05	88.707317	4439	3.146e-02
135kHz_100dA_100Mss_bobN5NE0253.txt	151.85	24.28	93.80	3.21	38460.00	409.02	1.351656e+05	3.486035e+01	6.356831e+00	73.85	86.861277	4439	3.127e-02
135kHz_100dA_100Mss_bobN5NE0254.txt	152.39	24.26	92.66	3.15	38460.00	412.50	1.351960e+05	3.499411e+01	6.353191e+00	70.49	82.553409	4438	3.128e-02
135kHz_100dA_100Mss_bobN5NE0255.txt	152.89	24.21	94.75	3.22	38460.00	412.77	1.351960e+05	3.511294e+01	6.358518e+00	76.10	88.860042	4438	3.141e-02
135kHz_100dA_100Mss_bobN5NE0256.txt	153.41	24.20	92.42	3.14	38460.00	416.83	1.351656e+05	3.533320e+01	6.352038e+00	69.99	81.188361	4439	3.145e-02
135kHz_100dA_100Mss_bobN5NE0257.txt	153.91	24.20	92.66	3.17	38460.00	408.44	1.351656e+05	3.475603e+01	6.354378e+00	71.18	83.956504	4439	3.127e-02
135kHz_100dA_100Mss_bobN5NE0258.txt	154.43	24.20	95.37	3.23	38460.00	418.44	1.351656e+05	3.556259e+01	6.359663e+00	78.23	90.211566	4439	3.150e-02
135kHz_100dA_100Mss_bobN5NE0259.txt	154.94	24.20	91.27	3.12	38460.00	415.41	1.351656e+05	3.516400e+01	6.350152e+00	67.75	78.957785	4439	3.124e-02
135kHz_100dA_100Mss_bobN5NE0260.txt	155.45	24.20	93.85	3.19	38460.00	414.28	1.351656e+05	3.520667e+01	6.356572e+00	74.32	86.555414	4439	3.142e-02
135kHz_100dA_100Mss_bobN5NE0261.txt	155.97	24.20	95.64	3.25	38460.00	410.60	1.351656e+05	3.494530e+01	6.361582e+00	78.79	92.486825	4439	3.134e-02
135kHz_100dA_100Mss_bobN5NE0262.txt	156.48	24.20	92.73	3.17	38460.00	412.25	1.351960e+05	3.503852e+01	6.354099e+00	71.49	83.627281	4438	3.121e-02
135kHz_100dA_100Mss_bobN5NE0263.txt	156.99	24.20	94.49	3.23	38460.00	408.71	1.351656e+05	3.481010e+01	6.359466e+00	76.37	89.979409	4439	3.120e-02
135kHz_100dA_100Mss_bobN5NE0264.txt	157.51	24.20	89.86	3.08	38460.00	410.95	1.351656e+05	3.477936e+01	6.347692e+00	64.55	76.050919	4439	3.096e-02
135kHz_100dA_100Mss_bobN5NE0265.txt	158.04	24.20	92.14	3.15	38460.00	409.61	1.351656e+05	3.482709e+01	6.353159e+00	70.10	82.515153	4439	3.125e-02
135kHz_100dA_100Mss_bobN5NE0266.txt	159.06	24.21	91.14	3.08	38460.00	424.24	1.351656e+05	3.580190e+01	6.348751e+00	67.53	77.300417	4439	3.140e-02
135kHz_100dA_100Mss_bobN5NE0267.txt	159.57	24.26	94.24	3.19	38460.00	414.59	1.351656e+05	3.529463e+01	6.357407e+00	75.35	87.541337	4439	3.145e-02
135kHz_100dA_100Mss_bobN5NE0268.txt	160.08	24.30	95.41	3.25	38460.00	414.76	1.351960e+05	3.521403e+01	6.361081e+00	78.91	91.893575	4438	3.138e-02
135kHz_100dA_100Mss_bobN5NE0269.txt	160.6	24.30	95.32	3.25	38460.00	411.81	1.351656e+05	3.502372e+01	6.361490e+00	78.88	92.378031	4439	3.121e-02
135kHz_100dA_100Mss_bobN5NE0270.txt	161.22	24.30	90.87	3.11	38460.00	413.08	1.351960e+05	3.498591e+01	6.350675e+00	67.94	79.577919	4438	3.111e-02
135kHz_100dA_100Mss_bobN5NE0271.txt	161.72	24.30	93.36	3.19	38460.00	412.39	1.351656e+05	3.507505e+01	6.356710e+00	74.18	86.719733	4439	3.129e-02
135kHz_100dA_100Mss_bobN5NE0272.txt	162.23	24.30	93.75	3.19	38460.00	414.72	1.351656e+05	3.526492e+01	6.357234e+00	75.11	87.336735	4439	3.135e-02
135kHz_100dA_100Mss_bobN5NE0273.txt	162.76	24.30	93.72	3.18	38460.00	421.78	1.351960e+05	3.577450e+01	6.355890e+00	74.83	85.743522	4438	3.138e-02
135kHz_100dA_100Mss_bobN5NE0274.txt	163.28	24.30	94.52	3.21	38460.00	415.72	1.351960e+05	3.537946e+01	6.358797e+00	76.96	89.186011	4438	3.147e-02
135kHz_100dA_100Mss_bobN5NE0275.txt	163.78	24.30	93.81	3.19	38460.00	413.96	1.351960e+05	3.524414e+01	6.357290e+00	75.14	87.400966	4438	3.134e-02
135kHz_100dA_100Mss_bobN5NE0276.txt	164.3	24.30	90.18	3.08	38460.00	414.31	1.351656e+05	3.507856e+01	6.348936e+00	66.36	77.518638	4439	3.114e-02
135kHz_100dA_100Mss_bobN5NE0277.txt	164.81	24.30	92.68	3.17	38460.00	413.42	1.351656e+05	3.512885e+01	6.355197e+00	72.77	84.924106	4439	3.124e-02
135kHz_100dA_100Mss_bobN5NE0278.txt	165.33	24.30	92.85	3.17	38460.00	413.62	1.351960e+05	3.514341e+01	6.355496e+00	73.12	85.278378	4438	3.126e-02
135kHz_100dA_100Mss_bobN5NE0279.txt	165.84	24.30	92.87	3.16	38460.00	417.99	1.351656e+05	3.547505e+01	6.355047e+00	73.33	84.747114	4439	3.139e-02
135kHz_100dA_100Mss_bobN5NE0280.txt	166.37	24.30	92.70	3.16	38460.00	417.70	1.351656e+05	3.545234e+01	6.354822e+00	73.06	84.481734	4439	3.126e-02
135kHz_100dA_100Mss_bobN5NE0281.txt	166.91	24.30	92.62	3.17	38460.00	414.97	1.351960e+05	3.524320e+01	6.354952e+00	72.77	84.634953	4438	3.116e-02
135kHz_100dA_100Mss_bobN5NE0282.txt	167.62	24.30	93.14	3.18	38460.00	414.02	1.351656e+05	3.522886e+01	6.356813e+00	74.61	86.836539	4439	3.119e-02
135kHz_100dA_100Mss_bobN5NE0283.txt	168.13	24.30	91.92	3.11	38460.00	425.50	1.351656e+05	3.597721e+01	6.352249e+00	71.48	81.436459	4439	3.147e-02
135kHz_100dA_100Mss_bobN5NE0284.txt	168.66	24.30	92.50	3.15	38460.00	417.27	1.351656e+05	3.544502e+01	6.354570e+00	72.78	84.183645	4439	3.134e-02
135kHz_100dA_100Mss_bobN5NE0285.txt	169.82	24.30	91.92	3.14	38460.00	415.06	1.351960e+05	3.518248e+01	6.353744e+00	71.43	83.205732	4438	3.124e-02
135kHz_100dA_100Mss_bobN5NE0286.txt	170.33	24.30	92.88	3.15	38460.00	423.85	1.351656e+05	3.592092e+01	6.355282e+00	74.50	85.026148	4439	3.144e-02
135kHz_100dA_100Mss_bobN5NE0287.txt	170.91	24.30	93.13	3.15	38460.00	426.43	1.351960e+05	3.609543e+01	6.355570e+00	75.17	85.365790	4438	3.152e-02
135kHz_100dA_100Mss_bobN5NE0288.txt	171.42	24.30	94.15	3.18	38460.00	427.54	1.351656e+05	3.623927e+01	6.357562e+00	77.53	87.725023	4439	3.153e-02
135kHz_100dA_100Mss_bobN5NE0289.txt	171.94	24.30	93.06	3.16	38460.00	420.07	1.351960e+05	3.564398e+01	6.356286e+00	74.97	86.213635	4438	3.131e-02
135kHz_100dA_100Mss_bobN5NE0290.txt	172.45	24.30	93.60	3.18	38460.00	417.42	1.351656e+05	3.547649e+01	6.357413e+00	75.75	87.549471	4439	3.131e-02
135kHz_100dA_100Mss_bobN5NE0291.txt	172.98	24.30	93.14	3.16	38460.00	421.77	1.351960e+05	3.575159e+01	6.355762e+00	74.65	85.594568	4438	3.136e-02
135kHz_100dA_100Mss_bobN5NE0292.txt	173.49	24.30	91.60	3.11	38460.00	426.01	1.351960e+05	3.599559e+01	6.352779e+00	72.08	82.065352	4438	3.133e-02
135kHz_100dA_100Mss_bobN5NE0293.txt	174.01	24.30	93.51	3.19	38460.00	417.54	1.351656e+05	3.549428e+01	6.358054e+00	76.44	88.309378	4439	3.122e-02
135kHz_100dA_100Mss_bobN5NE0294.txt	174.71	24.30	94.00	3.21	38460.00	417.04	1.351656e+05	3.536386e+01	6.359784e+00	77.91	90.358325	4439	3.122e-02
135kHz_100dA_100Mss_bobN5NE0295.txt	175.24	24.30	91.21	3.14	38460.00	412.66	1.351960e+05	3.497294e+01	6.353355e+00	70.61	82.745421	4438	3.081e-02
135kHz_100dA_100Mss_bobN5NE0296.txt	175.74	24.30	92.64	3.19	38460.00	408.54	1.351656e+05	3.479880e+01	6.357564e+00	74.45	87.727649	4439	3.100e-02
135kHz_100dA_100Mss_bobN5NE0297.txt	176.29	24.33	93.60	3.18	38460.00	420.15	1.351960e+05	3.564506e+01	6.358320e+00	77.05	88.622105	4438	3.133e-02
135kHz_100dA_100Mss_bobN5NE0298.txt	176.83	24.38	92.19	3.14	38460.00	422.80	1.351960e+05	3.578868e+01	6.353925e+00	72.84	83.421543	4438	3.129e-02
135kHz_100dA_100Mss_bobN5NE0299.txt	177.35	24.40	94.24	3.21	38460.00	419.31	1.351656e+05	3.556627e+01	6.360179e+00	78.76	90.822576	4439	3.127e-02
135kHz_100dA_100Mss_bobN5NE0300.txt	177.88	24.40	94.22	3.23	38460.00	413.45	1.351960e+05	3.506369e+01	6.361580e+00	79.08	92.483792	4438	3.103e-02
135kHz_100dA_100Mss_bobN5NE0301.txt	178.4	24.40	92.54	3.17	38460.00	413.69	1.351656e+05	3.515267e+01	6.356796e+00	74.43	86.819182	4439	3.109e-02
135kHz_100dA_100Mss_bobN5NE0302.txt	178.92	24.40	92.59	3.17	38460.00	416.64	1.351656e+05	3.539084e+01	6.357353e+00	75.50	87.478850	4439	3.107e-02
135kHz_100dA_100Mss_bobN5NE0303.txt	179.46	24.40	92.51	3.17	38460.00	417.00	1.351656e+05	3.537313e+01	6.356552e+00	74.65	86.531679	4439	3.105e-02
135kHz_100dA_100Mss_bobN5NE0304.txt	180.5	24.35	92.44	3.17	38460.00	416.85	1.351960e+05	3.534907e+01	6.356822e+00	74.89	86.850529	4438	3.103e-02
135kHz_100dA_100Mss_bobN5NE0305.txt	181.02	24.30	91.26	3.15	38460.00	408.70	1.351960e+05	3.476425e+01	6.355564e+00	72.40	85.360694	4438	3.083e-02
135kHz_100dA_100Mss_bobN5NE0306.txt	181.51	24.35	91.68	3.14	38460.00	418.59	1.351656e+05	3.547972e+01	6.355040e+00	73.33	84.740882	4439	3.110e-02
135kHz_100dA_100Mss_bobN5NE0307.txt	182.03	24.40	89.26	3.07	38460.00	417.19	1.351960e+05	3.522765e+01	6.349609e+00	67.33	78.315818	4438	3.096e-02
135kHz_100dA_100Mss_bobN5NE0308.txt	182.65	24.40	89.96	3.10	38460.00	417.29	1.351656e+05	3.528277e+01	6.351499e+00	69.34	80.551834	4439	3.087e-02
135kHz_100dA_100Mss_bobN5NE0309.txt	183.18	24.40	91.21	3.12	38460.00	418.77	1.351656e+05	3.547282e+01	6.354067e+00	72.33	83.589855	4439	3.107e-02
135kHz_100dA_100Mss_bobN5NE0310.txt	183.69	24.40	90.88	3.12	38460.00	418.60	1.351656e+05	3.544771e+01	6.353577e+00	71.78	83.010156	4439	3.101e-02
135kHz_100dA_100Mss_bobN5NE0311.txt	184.21	24.40	91.72	3.16	38460.00	418.32	1.351656e+05	3.546483e+01	6.355583e+00	73.86	85.383814	4439	3.095e-02
135kHz_100dA_100Mss_bobN5NE0312.txt	184.74	24.40	89.58	3.10	38460.00	414.55	1.351960e+05	3.505427e+01	6.350702e+00	68.10	79.610237	4438	3.068e-02
135kHz_100dA_100Mss_bobN5NE0313.txt	185.27	24.40	90.91	3.13	38460.00	419.04	1.351656e+05	3.544022e+01	6.353517e+00	71.70	82.940433	4439	3.095e-02
135kHz_100dA_100Mss_bobN5NE0314.txt	185.76	24.40	91.01	3.14	38460.00	414.62	1.351656e+05	3.513673e+01	6.355196e+00	72.78	84.928474	4439	3.080e-02
135kHz_100dA_100Mss_bobN5NE0315.txt	186.27	24.40	89.84	3.10	38460.00	414.91	1.351656e+05	3.510405e+01	6.351946e+00	69.44	81.082415	4439	3.079e-02
135kHz_100dA_100Mss_bobN5NE0316.txt	186.78	24.40	89.33	3.08	38460.00	417.39	1.351656e+05	3.527441e+01	6.350516e+00	68.33	79.390446	4439	3.071e-02
135kHz_100dA_100Mss_bobN5NE0317.txt	187.29	24.40	89.73	3.09	38460.00	419.77	1.351656e+05	3.542081e+01	6.351130e+00	69.24	80.116762	4439	3.089e-02
135kHz_100dA_100Mss_bobN5NE0318.txt	187.81	24.40	91.98	3.17	38460.00	418.32	1.351960e+05	3.544152e+01	6.356728e+00	74.99	86.740111	4438	3.092e-02
135kHz_100dA_100Mss_bobN5NE0319.txt	188.32	24.40	88.69	3.06	38460.00	416.79	1.351960e+05	3.516993e+01	6.349348e+00	66.96	78.008780	4438	3.082e-02
135kHz_100dA_100Mss_bobN5NE0320.txt	188.82	24.40	91.07	3.15	38460.00	414.02	1.351656e+05	3.511107e+01	6.355761e+00	73.30	85.595813	4439	3.078e-02
135kHz_100dA_100Mss_bobN5NE0321.txt	189.31	24.40	93.24	3.22	38460.00	412.83	1.351960e+05	3.497606e+01	6.361097e+00	78.39	91.914067	4438	3.078e-02
135kHz_100dA_100Mss_bobN5NE0322.txt	189.82	24.40	90.73	3.15	38460.00	413.12	1.351656e+05	3.502889e+01	6.355148e+00	72.51	84.871129	4439	3.072e-02
135kHz_100dA_100Mss_bobN5NE0323.txt	190.83	24.40	89.95	3.12	38460.00	410.62	1.351656e+05	3.483071e+01	6.353885e+00	70.84	83.376551	4439	3.061e-02
135kHz_100dA_100Mss_bobN5NE0324.txt	191.38	24.44	92.13	3.19	38460.00	410.76	1.351656e+05	3.491910e+01	6.359022e+00	76.17	89.456763	4439	3.077e-02
135kHz_100dA_100Mss_bobN5NE0325.txt	191.88	24.49	91.36	3.18	38460.00	409.24	1.351960e+05	3.476058e+01	6.358236e+00	75.05	88.525168	4438	3.051e-02
135kHz_100dA_100Mss_bobN5NE0326.txt	192.39	24.50	92.77	3.21	38460.00	414.87	1.351656e+05	3.507661e+01	6.360890e+00	78.39	91.670217	4439	3.082e-02
135kHz_100dA_100Mss_bobN5NE0327.txt	192.91	24.50	89.78	3.14	38460.00	407.50	1.351656e+05	3.459496e+01	6.354555e+00	71.02	84.169482	4439	3.051e-02
135kHz_100dA_100Mss_bobN5NE0328.txt	193.42	24.46	88.89	3.09	38460.00	412.85	1.351656e+05	3.493998e+01	6.351429e+00	68.59	80.469170	4439	3.067e-02
135kHz_100dA_100Mss_bobN5NE0329.txt	193.91	24.41	89.22	3.11	38460.00	409.69	1.351656e+05	3.472451e+01	6.353151e+00	69.89	82.508426	4439	3.057e-02
135kHz_100dA_100Mss_bobN5NE0330.txt	194.42	24.40	91.46	3.18	38460.00	409.95	1.351656e+05	3.484574e+01	6.358580e+00	75.57	88.934783	4439	3.063e-02
135kHz_100dA_100Mss_bobN5NE0331.txt	194.92	24.40	91.11	3.17	38460.00	407.80	1.351656e+05	3.466995e+01	6.358279e+00	74.89	88.579105	4439	3.058e-02
135kHz_100dA_100Mss_bobN5NE0332.txt	195.44	24.40	89.36	3.11	38460.00	416.08	1.351960e+05	3.515104e+01	6.352550e+00	70.16	81.798157	4438	3.061e-02
135kHz_100dA_100Mss_bobN5NE0333.txt	195.94	24.40	89.50	3.12	38460.00	411.13	1.351656e+05	3.485054e+01	6.353846e+00	70.84	83.332056	4439	3.058e-02
135kHz_100dA_100Mss_bobN5NE0334.txt	196.43	24.40	88.42	3.08	38460.00	413.67	1.351960e+05	3.494961e+01	6.350858e+00	68.06	79.796999	4438	3.047e-02
135kHz_100dA_100Mss_bobN5NE0335.txt	196.93	24.40	91.69	3.18	38460.00	408.80	1.351656e+05	3.464494e+01	6.359769e+00	76.31	90.344593	4439	3.069e-02
135kHz_100dA_100Mss_bobN5NE0336.txt	197.43	24.44	90.33	3.12	38460.00	416.97	1.351656e+05	3.529445e+01	6.355075e+00	72.99	84.786311	4439	3.079e-02
135kHz_100dA_100Mss_bobN5NE0337.txt	197.94	24.49	87.83	3.06	38460.00	414.26	1.351656e+05	3.495090e+01	6.349496e+00	66.68	78.186471	4439	3.046e-02
135kHz_100dA_100Mss_bobN5NE0338.txt	198.46	24.50	89.16	3.12	38460.00	407.73	1.351656e+05	3.458224e+01	6.353743e+00	70.19	83.210266	4439	3.046e-02
135kHz_100dA_100Mss_bobN5NE0339.txt	198.95	24.50	89.75	3.13	38460.00	411.47	1.351656e+05	3.488512e+01	6.355051e+00	72.12	84.755645	4439	3.049e-02
135kHz_100dA_100Mss_bobN5NE0340.txt	199.45	24.46	88.42	3.09	38460.00	410.54	1.351656e+05	3.472688e+01	6.351938e+00	68.68	81.071382	4439	3.047e-02
135kHz_100dA_100Mss_bobN5NE0341.txt	199.98	24.40	90.36	3.16	38460.00	405.79	1.351656e+05	3.446266e+01	6.357863e+00	74.03	88.083243	4439	3.047e-02
135kHz_100dA_100Mss_bobN5NE0342.txt	201.01	24.50	89.70	3.15	38460.00	402.25	1.351656e+05	3.424176e+01	6.356448e+00	72.16	86.410857	4439	3.033e-02
135kHz_100dA_100Mss_bobN5NE0343.txt	201.52	24.50	88.98	3.11	38460.00	406.67	1.351656e+05	3.452655e+01	6.354428e+00	70.76	84.020419	4439	3.039e-02
135kHz_100dA_100Mss_bobN5NE0344.txt	202.04	24.50	89.42	3.12	38460.00	411.84	1.351656e+05	3.491563e+01	6.354625e+00	71.75	84.253209	4439	3.053e-02
135kHz_100dA_100Mss_bobN5NE0345.txt	202.56	24.50	88.81	3.11	38460.00	409.79	1.351656e+05	3.471946e+01	6.354230e+00	70.96	83.785609	4439	3.037e-02
135kHz_100dA_100Mss_bobN5NE0346.txt	203.14	24.50	90.29	3.13	38460.00	416.88	1.351656e+05	3.531335e+01	6.356249e+00	74.22	86.175523	4439	3.063e-02
135kHz_100dA_100Mss_bobN5NE0347.txt	203.64	24.50	87.42	3.08	38460.00	406.48	1.351656e+05	3.440433e+01	6.351273e+00	67.39	80.288300	4439	3.022e-02
135kHz_100dA_100Mss_bobN5NE0348.txt	204.16	24.50	90.33	3.18	38460.00	402.63	1.351656e+05	3.415670e+01	6.359220e+00	74.70	89.694190	4439	3.027e-02
135kHz_100dA_100Mss_bobN5NE0349.txt	204.66	24.50	90.16	3.16	38460.00	405.47	1.351960e+05	3.446672e+01	6.358131e+00	74.32	88.403238	4438	3.028e-02
135kHz_100dA_100Mss_bobN5NE0350.txt	205.16	24.50	91.83	3.21	38460.00	405.65	1.351656e+05	3.437976e+01	6.362481e+00	78.41	93.553606	4439	3.036e-02
135kHz_100dA_100Mss_bobN5NE0351.txt	205.67	24.50	88.45	3.10	38460.00	406.81	1.351960e+05	3.449639e+01	6.353126e+00	69.42	82.477127	4438	3.033e-02
135kHz_100dA_100Mss_bobN5NE0352.txt	206.18	24.50	91.11	3.17	38460.00	413.78	1.351656e+05	3.509011e+01	6.359121e+00	76.64	89.575282	4439	3.058e-02
135kHz_100dA_100Mss_bobN5NE0353.txt	206.69	24.50	87.57	3.08	38460.00	410.90	1.351656e+05	3.473109e+01	6.351470e+00	68.23	80.520607	4439	3.017e-02
135kHz_100dA_100Mss_bobN5NE0354.txt	207.58	24.50	88.77	3.12	38460.00	406.70	1.351960e+05	3.451517e+01	6.355008e+00	71.33	84.705977	4438	3.017e-02
135kHz_100dA_100Mss_bobN5NE0355.txt	208.13	24.50	89.72	3.14	38460.00	412.70	1.351960e+05	3.495829e+01	6.355995e+00	73.23	85.875026	4438	3.036e-02
135kHz_100dA_100Mss_bobN5NE0356.txt	208.63	24.50	88.92	3.12	38460.00	411.34	1.351656e+05	3.486579e+01	6.354853e+00	71.88	84.523378	4439	3.033e-02
135kHz_100dA_100Mss_bobN5NE0357.txt	209.15	24.50	89.10	3.15	38460.00	402.31	1.351656e+05	3.419924e+01	6.356979e+00	72.59	87.038936	4439	3.011e-02
135kHz_100dA_100Mss_bobN5NE0358.txt	209.66	24.50	90.40	3.17	38460.00	409.20	1.351656e+05	3.466145e+01	6.358767e+00	75.35	89.155697	4439	3.032e-02
135kHz_100dA_100Mss_bobN5NE0359.txt	210.16	24.50	89.82	3.16	38460.00	405.86	1.351656e+05	3.446079e+01	6.358377e+00	74.53	88.695231	4439	3.020e-02
135kHz_100dA_100Mss_bobN5NE0360.txt	211.12	24.50	89.89	3.15	38460.00	409.32	1.351656e+05	3.472912e+01	6.357973e+00	74.71	88.215528	4439	3.034e-02
135kHz_100dA_100Mss_bobN5NE0361.txt	212.41	24.50	86.84	3.08	38460.00	403.09	1.351656e+05	3.414789e+01	6.351845e+00	67.45	80.963525	4439	2.994e-02
135kHz_100dA_100Mss_bobN5NE0362.txt	212.96	24.50	87.37	3.11	38460.00	402.02	1.351656e+05	3.406291e+01	6.353381e+00	68.78	82.781190	4439	2.980e-02
135kHz_100dA_100Mss_bobN5NE0363.txt	213.47	24.50	87.07	3.08	38460.00	405.23	1.351656e+05	3.431693e+01	6.352679e+00	68.60	81.951224	4439	2.995e-02
135kHz_100dA_100Mss_bobN5NE0364.txt	213.98	24.50	89.40	3.15	38460.00	404.44	1.351656e+05	3.433318e+01	6.357719e+00	73.61	87.913247	4439	3.015e-02
135kHz_100dA_100Mss_bobN5NE0365.txt	214.51	24.55	86.76	3.07	38460.00	406.59	1.351656e+05	3.441565e+01	6.352010e+00	68.14	81.156235	4439	2.995e-02
135kHz_100dA_100Mss_bobN5NE0366.txt	215.02	24.60	90.51	3.19	38460.00	405.96	1.351656e+05	3.440410e+01	6.361268e+00	77.26	92.114448	4439	3.019e-02
135kHz_100dA_100Mss_bobN5NE0367.txt	215.52	24.60	89.79	3.16	38460.00	406.83	1.351960e+05	3.448191e+01	6.358906e+00	75.12	89.315688	4438	3.015e-02
135kHz_100dA_100Mss_bobN5NE0368.txt	216.03	24.60	88.38	3.12	38460.00	405.45	1.351960e+05	3.441432e+01	6.355899e+00	72.00	85.756245	4438	3.006e-02
135kHz_100dA_100Mss_bobN5NE0369.txt	216.55	24.60	88.10	3.10	38460.00	411.17	1.351656e+05	3.481509e+01	6.354541e+00	71.46	84.148541	4439	3.023e-02
135kHz_100dA_100Mss_bobN5NE0370.txt	217.06	24.59	84.79	3.03	38460.00	398.95	1.351656e+05	3.376088e+01	6.348638e+00	63.57	77.166657	4439	2.961e-02
135kHz_100dA_100Mss_bobN5NE0371.txt	217.68	24.53	88.87	3.12	38460.00	410.33	1.351656e+05	3.477968e+01	6.356471e+00	73.32	86.433452	4439	3.024e-02
135kHz_100dA_100Mss_bobN5NE0372.txt	218.19	24.52	86.81	3.07	38460.00	405.36	1.351656e+05	3.432535e+01	6.352218e+00	68.17	81.400414	4439	2.990e-02
135kHz_100dA_100Mss_bobN5NE0373.txt	218.74	24.57	86.19	3.05	38460.00	407.27	1.351960e+05	3.441955e+01	6.350032e+00	66.21	78.815305	4438	3.001e-02
135kHz_100dA_100Mss_bobN5NE0374.txt	219.29	24.57	87.62	3.11	38460.00	406.17	1.351656e+05	3.442441e+01	6.354947e+00	71.06	84.629671	4439	2.996e-02
135kHz_100dA_100Mss_bobN5NE0375.txt	219.81	24.52	88.52	3.12	38460.00	409.00	1.351656e+05	3.468392e+01	6.356269e+00	72.91	86.194123	4439	3.012e-02
135kHz_100dA_100Mss_bobN5NE0376.txt	220.34	24.53	86.85	3.07	38460.00	404.48	1.351656e+05	3.429253e+01	6.353295e+00	69.16	82.675371	4439	3.000e-02
135kHz_100dA_100Mss_bobN5NE0377.txt	220.84	24.58	85.21	3.02	38460.00	410.37	1.351960e+05	3.458974e+01	6.348548e+00	65.06	77.060350	4438	3.001e-02
135kHz_100dA_100Mss_bobN5NE0378.txt	221.38	24.60	85.12	3.02	38460.00	405.91	1.351656e+05	3.429101e+01	6.348725e+00	64.66	77.268583	4439	2.983e-02
135kHz_100dA_100Mss_bobN5NE0379.txt	221.98	24.60	86.22	3.07	38460.00	401.70	1.351656e+05	3.408299e+01	6.352773e+00	68.23	82.057607	4439	2.978e-02
