# Configuracion:
# Concentracion g/m^3_=_9700.0
# C_Vs_to_Am_M_A/Vsm_=_25649819763.59163
# pendiente_HvsI_1/m_=_3716.3
# ordenada_HvsI_A/m_=_1297.0
# frecuencia_ref_Hz_=_135205.25262889173
# 
Resultados:
# tau_ns_=_(8.33+/-0.41)e+01
# dphi_rad_=_6.35+/-0.00
# SAR_W/g_=_67.42+/-6.48
# Hc_kA/m_=_3.16+/-0.07
# Mr_A/m_=_89.30+/-5.46
# Magnetizacion_max_emu/g_=_39.9+/-2.7
# Suceptibilidad_a_M=0_=_(3.013+/-0.132)e-02

Nombre_archivo	Time_m_(s)	Temperatura_(ºC)	Mr_(A/m)	Hc_(kA/m)	Campo_max_(A/m)	Mag_max_(A/m)	f0	mag0	dphi0	SAR_(W/g)	Tau_(ns)	N	xi_M_0
135kHz_100dA_100Mss_bobN5NE0011.txt	38.63	20.16	90.96	3.16	38460.00	416.76	1.351656e+05	3.543946e+01	6.353130e+00	71.31	82.479226	4439	3.065e-02
135kHz_100dA_100Mss_bobN5NE0012.txt	39.16	20.22	95.86	3.29	38460.00	424.06	1.351656e+05	3.586044e+01	6.362934e+00	82.25	94.088578	4439	3.100e-02
135kHz_100dA_100Mss_bobN5NE0013.txt	39.66	20.27	95.23	3.28	38460.00	418.01	1.351960e+05	3.550100e+01	6.360790e+00	79.26	91.549210	4438	3.099e-02
135kHz_100dA_100Mss_bobN5NE0014.txt	40.17	20.30	90.87	3.13	38460.00	420.86	1.351656e+05	3.564402e+01	6.349308e+00	67.81	77.961511	4439	3.099e-02
135kHz_100dA_100Mss_bobN5NE0015.txt	40.67	20.30	94.76	3.26	38460.00	414.74	1.351656e+05	3.519093e+01	6.359476e+00	77.22	89.993781	4439	3.098e-02
135kHz_100dA_100Mss_bobN5NE0016.txt	41.19	20.32	95.38	3.26	38460.00	421.03	1.351656e+05	3.571781e+01	6.359035e+00	77.92	89.471675	4439	3.124e-02
135kHz_100dA_100Mss_bobN5NE0017.txt	42.15	20.40	95.52	3.26	38460.00	421.09	1.351656e+05	3.574572e+01	6.358573e+00	77.51	88.921859	4439	3.130e-02
135kHz_100dA_100Mss_bobN5NE0018.txt	42.67	20.40	95.81	3.28	38460.00	415.13	1.351960e+05	3.528333e+01	6.359882e+00	77.85	90.469543	4438	3.117e-02
135kHz_100dA_100Mss_bobN5NE0019.txt	43.83	20.40	94.52	3.23	38460.00	419.52	1.351656e+05	3.573340e+01	6.355725e+00	74.56	85.549161	4439	3.131e-02
135kHz_100dA_100Mss_bobN5NE0020.txt	44.35	20.43	94.75	3.23	38460.00	416.31	1.351656e+05	3.542738e+01	6.356886e+00	75.10	86.923011	4439	3.133e-02
135kHz_100dA_100Mss_bobN5NE0021.txt	44.87	20.49	95.72	3.26	38460.00	416.54	1.351960e+05	3.538025e+01	6.358689e+00	76.85	89.057129	4438	3.143e-02
135kHz_100dA_100Mss_bobN5NE0022.txt	45.4	20.50	94.41	3.23	38460.00	414.97	1.351960e+05	3.537610e+01	6.355729e+00	73.84	85.553338	4438	3.130e-02
135kHz_100dA_100Mss_bobN5NE0023.txt	45.9	20.50	96.19	3.29	38460.00	412.77	1.351656e+05	3.505367e+01	6.360861e+00	78.31	91.630859	4439	3.124e-02
135kHz_100dA_100Mss_bobN5NE0024.txt	46.41	20.54	94.08	3.20	38460.00	416.26	1.351656e+05	3.547969e+01	6.354286e+00	72.57	83.846764	4439	3.140e-02
135kHz_100dA_100Mss_bobN5NE0025.txt	46.93	20.59	94.99	3.22	38460.00	422.25	1.351656e+05	3.596004e+01	6.355570e+00	74.87	85.368673	4439	3.152e-02
135kHz_100dA_100Mss_bobN5NE0026.txt	47.73	20.60	96.18	3.28	38460.00	416.99	1.351656e+05	3.542462e+01	6.359778e+00	78.04	90.350620	4439	3.134e-02
135kHz_100dA_100Mss_bobN5NE0027.txt	48.25	20.62	94.40	3.23	38460.00	419.00	1.351656e+05	3.567028e+01	6.354946e+00	73.63	84.630106	4439	3.135e-02
135kHz_100dA_100Mss_bobN5NE0028.txt	48.78	20.68	95.25	3.25	38460.00	415.12	1.351656e+05	3.534484e+01	6.357700e+00	75.75	87.888629	4439	3.132e-02
135kHz_100dA_100Mss_bobN5NE0029.txt	49.29	20.73	94.33	3.23	38460.00	412.42	1.351656e+05	3.519371e+01	6.355397e+00	73.10	85.163744	4439	3.132e-02
135kHz_100dA_100Mss_bobN5NE0030.txt	49.83	20.78	92.64	3.17	38460.00	417.67	1.351960e+05	3.547185e+01	6.350818e+00	69.03	79.746582	4438	3.122e-02
135kHz_100dA_100Mss_bobN5NE0031.txt	50.35	20.76	96.61	3.30	38460.00	413.34	1.351656e+05	3.515330e+01	6.360939e+00	78.61	91.725262	4439	3.136e-02
135kHz_100dA_100Mss_bobN5NE0032.txt	50.88	20.71	94.99	3.25	38460.00	413.74	1.351656e+05	3.526876e+01	6.356823e+00	74.70	86.851269	4439	3.127e-02
135kHz_100dA_100Mss_bobN5NE0033.txt	51.43	20.74	93.26	3.18	38460.00	412.43	1.351656e+05	3.515200e+01	6.352458e+00	70.05	81.686279	4439	3.136e-02
135kHz_100dA_100Mss_bobN5NE0034.txt	51.96	20.80	95.59	3.26	38460.00	418.60	1.351656e+05	3.556131e+01	6.358100e+00	76.63	88.363579	4439	3.142e-02
135kHz_100dA_100Mss_bobN5NE0035.txt	52.61	20.80	97.80	3.32	38460.00	421.52	1.351656e+05	3.569760e+01	6.362928e+00	81.87	94.081517	4439	3.153e-02
135kHz_100dA_100Mss_bobN5NE0036.txt	53.13	20.81	95.18	3.25	38460.00	411.23	1.351656e+05	3.508911e+01	6.357148e+00	74.65	87.237617	4439	3.139e-02
135kHz_100dA_100Mss_bobN5NE0037.txt	53.63	20.86	96.03	3.28	38460.00	415.77	1.351656e+05	3.526430e+01	6.359319e+00	77.22	89.807566	4439	3.133e-02
135kHz_100dA_100Mss_bobN5NE0038.txt	54.68	20.90	96.38	3.28	38460.00	419.30	1.351656e+05	3.557906e+01	6.359966e+00	78.57	90.572838	4439	3.143e-02
135kHz_100dA_100Mss_bobN5NE0039.txt	55.31	20.90	97.12	3.30	38460.00	418.74	1.351656e+05	3.549946e+01	6.361536e+00	80.00	92.431802	4439	3.148e-02
135kHz_100dA_100Mss_bobN5NE0040.txt	55.83	20.90	95.48	3.25	38460.00	418.64	1.351960e+05	3.564052e+01	6.356944e+00	75.63	86.993735	4438	3.147e-02
135kHz_100dA_100Mss_bobN5NE0041.txt	56.35	20.94	92.18	3.15	38460.00	415.55	1.351656e+05	3.532084e+01	6.349288e+00	67.17	77.934649	4439	3.131e-02
135kHz_100dA_100Mss_bobN5NE0042.txt	56.9	20.99	92.57	3.18	38460.00	411.59	1.351656e+05	3.508632e+01	6.351611e+00	69.07	80.683207	4439	3.120e-02
135kHz_100dA_100Mss_bobN5NE0043.txt	57.4	21.00	95.42	3.24	38460.00	417.58	1.351960e+05	3.551431e+01	6.356875e+00	75.29	86.911837	4438	3.150e-02
135kHz_100dA_100Mss_bobN5NE0044.txt	57.92	21.00	96.61	3.28	38460.00	417.22	1.351960e+05	3.542132e+01	6.360193e+00	78.47	90.839253	4438	3.153e-02
135kHz_100dA_100Mss_bobN5NE0045.txt	58.44	21.04	95.16	3.22	38460.00	419.98	1.351656e+05	3.575056e+01	6.356282e+00	75.17	86.208204	4439	3.157e-02
135kHz_100dA_100Mss_bobN5NE0046.txt	59.06	21.10	95.83	3.26	38460.00	416.80	1.351656e+05	3.548133e+01	6.357991e+00	76.34	88.232923	4439	3.149e-02
135kHz_100dA_100Mss_bobN5NE0047.txt	60.3	21.10	92.20	3.14	38460.00	419.69	1.351960e+05	3.560880e+01	6.348419e+00	66.84	76.909253	4438	3.140e-02
135kHz_100dA_100Mss_bobN5NE0048.txt	60.98	21.10	92.77	3.15	38460.00	419.82	1.351960e+05	3.565142e+01	6.349860e+00	68.40	78.613170	4438	3.149e-02
135kHz_100dA_100Mss_bobN5NE0049.txt	61.54	21.15	96.14	3.27	38460.00	414.99	1.351960e+05	3.529530e+01	6.359283e+00	77.27	89.764078	4438	3.143e-02
135kHz_100dA_100Mss_bobN5NE0050.txt	62.11	21.20	96.17	3.27	38460.00	418.01	1.351960e+05	3.548120e+01	6.359228e+00	77.62	89.698574	4438	3.150e-02
135kHz_100dA_100Mss_bobN5NE0051.txt	62.6	21.20	96.47	3.28	38460.00	415.62	1.351960e+05	3.533014e+01	6.359764e+00	77.83	90.334117	4438	3.150e-02
135kHz_100dA_100Mss_bobN5NE0052.txt	63.1	21.20	93.67	3.20	38460.00	413.27	1.351656e+05	3.523899e+01	6.353473e+00	71.25	82.886925	4439	3.134e-02
135kHz_100dA_100Mss_bobN5NE0053.txt	63.63	21.20	94.63	3.23	38460.00	412.43	1.351960e+05	3.512295e+01	6.355967e+00	73.55	85.839233	4438	3.128e-02
135kHz_100dA_100Mss_bobN5NE0054.txt	64.2	21.22	92.52	3.16	38460.00	414.75	1.351656e+05	3.526181e+01	6.350195e+00	67.98	79.009715	4439	3.128e-02
135kHz_100dA_100Mss_bobN5NE0055.txt	64.77	21.28	94.56	3.21	38460.00	417.97	1.351656e+05	3.563641e+01	6.355148e+00	73.77	84.869621	4439	3.146e-02
135kHz_100dA_100Mss_bobN5NE0056.txt	65.39	21.30	94.27	3.21	38460.00	416.65	1.351960e+05	3.548798e+01	6.354643e+00	72.96	84.270861	4438	3.137e-02
135kHz_100dA_100Mss_bobN5NE0057.txt	66.44	21.30	95.85	3.26	38460.00	418.74	1.351960e+05	3.563752e+01	6.357844e+00	76.55	88.059959	4438	3.140e-02
135kHz_100dA_100Mss_bobN5NE0058.txt	66.98	21.30	96.55	3.29	38460.00	414.29	1.351960e+05	3.521408e+01	6.360309e+00	78.13	90.978037	4438	3.144e-02
135kHz_100dA_100Mss_bobN5NE0059.txt	67.55	21.30	95.44	3.22	38460.00	422.03	1.351656e+05	3.589694e+01	6.355898e+00	75.08	85.754655	4439	3.175e-02
135kHz_100dA_100Mss_bobN5NE0060.txt	68.08	21.31	95.56	3.28	38460.00	409.26	1.351960e+05	3.481725e+01	6.359569e+00	76.51	90.100071	4438	3.113e-02
135kHz_100dA_100Mss_bobN5NE0061.txt	68.6	21.36	95.45	3.25	38460.00	410.08	1.351960e+05	3.495135e+01	6.358087e+00	75.32	88.347279	4438	3.130e-02
135kHz_100dA_100Mss_bobN5NE0062.txt	69.15	21.40	96.27	3.28	38460.00	414.33	1.351656e+05	3.524667e+01	6.359410e+00	77.27	89.911927	4439	3.139e-02
135kHz_100dA_100Mss_bobN5NE0063.txt	69.66	21.40	95.61	3.25	38460.00	415.67	1.351960e+05	3.532238e+01	6.357915e+00	75.94	88.140416	4438	3.151e-02
135kHz_100dA_100Mss_bobN5NE0064.txt	70.19	21.40	95.23	3.23	38460.00	417.74	1.351960e+05	3.550979e+01	6.356869e+00	75.28	86.901839	4438	3.148e-02
135kHz_100dA_100Mss_bobN5NE0065.txt	70.7	21.40	93.79	3.19	38460.00	414.78	1.351960e+05	3.535412e+01	6.353399e+00	71.42	82.795571	4438	3.136e-02
135kHz_100dA_100Mss_bobN5NE0066.txt	71.22	21.42	93.27	3.17	38460.00	417.44	1.351960e+05	3.551145e+01	6.351727e+00	70.04	80.818448	4438	3.153e-02
135kHz_100dA_100Mss_bobN5NE0067.txt	71.74	21.47	93.70	3.19	38460.00	415.25	1.351656e+05	3.538184e+01	6.353299e+00	71.36	82.677850	4439	3.142e-02
135kHz_100dA_100Mss_bobN5NE0068.txt	72.24	21.50	94.41	3.21	38460.00	415.26	1.351656e+05	3.537864e+01	6.354920e+00	73.00	84.597149	4439	3.148e-02
135kHz_100dA_100Mss_bobN5NE0069.txt	72.75	21.50	93.92	3.21	38460.00	412.61	1.351656e+05	3.521088e+01	6.354097e+00	71.83	83.622134	4439	3.136e-02
135kHz_100dA_100Mss_bobN5NE0070.txt	73.27	21.50	94.99	3.25	38460.00	412.46	1.351960e+05	3.517086e+01	6.357151e+00	74.84	87.236538	4438	3.125e-02
135kHz_100dA_100Mss_bobN5NE0071.txt	73.79	21.50	94.53	3.22	38460.00	415.14	1.351960e+05	3.535367e+01	6.355516e+00	73.57	85.302688	4438	3.140e-02
135kHz_100dA_100Mss_bobN5NE0072.txt	74.3	21.53	93.60	3.21	38460.00	410.96	1.351960e+05	3.507107e+01	6.353881e+00	71.34	83.368252	4438	3.113e-02
135kHz_100dA_100Mss_bobN5NE0073.txt	74.82	21.58	96.14	3.26	38460.00	415.64	1.351960e+05	3.534546e+01	6.359395e+00	77.49	89.895512	4438	3.147e-02
135kHz_100dA_100Mss_bobN5NE0074.txt	75.35	21.60	93.15	3.16	38460.00	421.50	1.351960e+05	3.580921e+01	6.351196e+00	70.08	80.192973	4438	3.149e-02
135kHz_100dA_100Mss_bobN5NE0075.txt	75.87	21.60	94.01	3.22	38460.00	412.50	1.351960e+05	3.517272e+01	6.354705e+00	72.38	84.343910	4438	3.117e-02
135kHz_100dA_100Mss_bobN5NE0076.txt	76.89	21.60	94.73	3.25	38460.00	410.33	1.351656e+05	3.493165e+01	6.357347e+00	74.52	87.471964	4439	3.121e-02
135kHz_100dA_100Mss_bobN5NE0077.txt	77.41	21.60	96.03	3.29	38460.00	414.02	1.351656e+05	3.512567e+01	6.360649e+00	78.26	91.380804	4439	3.124e-02
135kHz_100dA_100Mss_bobN5NE0078.txt	77.92	21.60	94.35	3.21	38460.00	414.45	1.351960e+05	3.528964e+01	6.355291e+00	73.21	85.038717	4438	3.143e-02
135kHz_100dA_100Mss_bobN5NE0079.txt	78.44	21.64	95.85	3.25	38460.00	420.48	1.351656e+05	3.569773e+01	6.358109e+00	76.93	88.373428	4439	3.155e-02
135kHz_100dA_100Mss_bobN5NE0080.txt	78.96	21.70	92.90	3.18	38460.00	412.10	1.351656e+05	3.514416e+01	6.352314e+00	69.89	81.512945	4439	3.130e-02
135kHz_100dA_100Mss_bobN5NE0081.txt	79.47	21.70	93.94	3.21	38460.00	412.99	1.351656e+05	3.521770e+01	6.353906e+00	71.65	83.397767	4439	3.140e-02
135kHz_100dA_100Mss_bobN5NE0082.txt	79.98	21.70	93.47	3.18	38460.00	416.82	1.351960e+05	3.548160e+01	6.352248e+00	70.51	81.436494	4438	3.147e-02
135kHz_100dA_100Mss_bobN5NE0083.txt	80.49	21.75	96.59	3.29	38460.00	418.17	1.351656e+05	3.544718e+01	6.360523e+00	78.85	91.229330	4439	3.144e-02
135kHz_100dA_100Mss_bobN5NE0084.txt	81.0	21.80	95.13	3.25	38460.00	410.99	1.351960e+05	3.508098e+01	6.356915e+00	74.42	86.959327	4438	3.141e-02
135kHz_100dA_100Mss_bobN5NE0085.txt	81.51	21.80	95.35	3.24	38460.00	413.89	1.351656e+05	3.522648e+01	6.357325e+00	75.12	87.446603	4439	3.151e-02
135kHz_100dA_100Mss_bobN5NE0086.txt	82.01	21.80	92.70	3.18	38460.00	410.37	1.351656e+05	3.499895e+01	6.352266e+00	69.55	81.458695	4439	3.125e-02
135kHz_100dA_100Mss_bobN5NE0087.txt	82.53	21.80	92.57	3.17	38460.00	413.03	1.351656e+05	3.517879e+01	6.351199e+00	68.83	80.196125	4439	3.135e-02
135kHz_100dA_100Mss_bobN5NE0088.txt	83.04	21.80	95.10	3.25	38460.00	413.36	1.351960e+05	3.517717e+01	6.357643e+00	75.36	87.820885	4438	3.140e-02
135kHz_100dA_100Mss_bobN5NE0089.txt	83.64	21.80	94.70	3.23	38460.00	414.73	1.351656e+05	3.530237e+01	6.356534e+00	74.48	86.506175	4439	3.136e-02
135kHz_100dA_100Mss_bobN5NE0090.txt	84.15	21.82	93.14	3.16	38460.00	411.80	1.351960e+05	3.514690e+01	6.352340e+00	69.94	81.544072	4438	3.152e-02
135kHz_100dA_100Mss_bobN5NE0091.txt	84.65	21.86	94.40	3.22	38460.00	414.40	1.351656e+05	3.525649e+01	6.355278e+00	73.11	85.019412	4439	3.138e-02
135kHz_100dA_100Mss_bobN5NE0092.txt	85.14	21.89	94.37	3.23	38460.00	409.96	1.351960e+05	3.498561e+01	6.355937e+00	73.23	85.798810	4438	3.126e-02
135kHz_100dA_100Mss_bobN5NE0093.txt	85.65	21.84	92.29	3.16	38460.00	411.33	1.351960e+05	3.503820e+01	6.350991e+00	68.36	79.947995	4438	3.124e-02
135kHz_100dA_100Mss_bobN5NE0094.txt	86.16	21.82	93.52	3.20	38460.00	412.33	1.351960e+05	3.516977e+01	6.353570e+00	71.23	83.000670	4438	3.129e-02
135kHz_100dA_100Mss_bobN5NE0095.txt	87.16	21.90	92.43	3.14	38460.00	416.89	1.351656e+05	3.545934e+01	6.350509e+00	68.68	79.380991	4439	3.147e-02
135kHz_100dA_100Mss_bobN5NE0096.txt	87.65	21.90	91.75	3.14	38460.00	411.26	1.351656e+05	3.501838e+01	6.349412e+00	66.72	78.083378	4439	3.130e-02
135kHz_100dA_100Mss_bobN5NE0097.txt	88.15	21.92	94.94	3.26	38460.00	407.41	1.351656e+05	3.474729e+01	6.358431e+00	75.20	88.754611	4439	3.115e-02
135kHz_100dA_100Mss_bobN5NE0098.txt	88.65	21.96	92.68	3.17	38460.00	411.16	1.351656e+05	3.505757e+01	6.351436e+00	68.83	80.474622	4439	3.135e-02
135kHz_100dA_100Mss_bobN5NE0099.txt	89.15	21.98	92.41	3.17	38460.00	410.93	1.351656e+05	3.504369e+01	6.351271e+00	68.64	80.280227	4439	3.123e-02
135kHz_100dA_100Mss_bobN5NE0100.txt	89.65	21.94	94.86	3.23	38460.00	415.93	1.351656e+05	3.538727e+01	6.356843e+00	74.98	86.872722	4439	3.144e-02
135kHz_100dA_100Mss_bobN5NE0101.txt	90.17	21.92	96.00	3.28	38460.00	409.29	1.351960e+05	3.481817e+01	6.360591e+00	77.53	91.311120	4438	3.142e-02
135kHz_100dA_100Mss_bobN5NE0102.txt	90.69	21.97	91.98	3.14	38460.00	416.64	1.351960e+05	3.540132e+01	6.349282e+00	67.33	77.928771	4438	3.129e-02
135kHz_100dA_100Mss_bobN5NE0103.txt	91.19	22.00	91.07	3.12	38460.00	410.51	1.351656e+05	3.495555e+01	6.347908e+00	65.09	76.305286	4439	3.129e-02
135kHz_100dA_100Mss_bobN5NE0104.txt	91.69	22.00	94.20	3.22	38460.00	412.15	1.351960e+05	3.511751e+01	6.355576e+00	73.14	85.373559	4438	3.135e-02
135kHz_100dA_100Mss_bobN5NE0105.txt	92.18	22.00	95.23	3.25	38460.00	412.04	1.351656e+05	3.502871e+01	6.358412e+00	75.79	88.731605	4439	3.133e-02
135kHz_100dA_100Mss_bobN5NE0106.txt	92.68	22.00	97.34	3.30	38460.00	418.59	1.351656e+05	3.544583e+01	6.362705e+00	81.06	93.816676	4439	3.153e-02
135kHz_100dA_100Mss_bobN5NE0107.txt	93.17	22.02	92.68	3.17	38460.00	411.09	1.351656e+05	3.504623e+01	6.351932e+00	69.31	81.062589	4439	3.124e-02
135kHz_100dA_100Mss_bobN5NE0108.txt	94.02	22.10	92.95	3.17	38460.00	414.05	1.351656e+05	3.526889e+01	6.351582e+00	69.40	80.648547	4439	3.135e-02
135kHz_100dA_100Mss_bobN5NE0109.txt	94.53	22.10	93.01	3.19	38460.00	409.57	1.351656e+05	3.497918e+01	6.353431e+00	70.68	82.835009	4439	3.121e-02
135kHz_100dA_100Mss_bobN5NE0110.txt	95.05	22.10	92.17	3.16	38460.00	409.57	1.351960e+05	3.492993e+01	6.351160e+00	68.32	80.145915	4438	3.118e-02
135kHz_100dA_100Mss_bobN5NE0111.txt	95.56	22.10	92.66	3.18	38460.00	407.76	1.351656e+05	3.481326e+01	6.352359e+00	69.28	81.564825	4439	3.119e-02
135kHz_100dA_100Mss_bobN5NE0112.txt	96.06	22.11	94.61	3.23	38460.00	413.51	1.351656e+05	3.524578e+01	6.356366e+00	74.19	86.306745	4439	3.138e-02
135kHz_100dA_100Mss_bobN5NE0113.txt	96.56	22.16	96.13	3.27	38460.00	413.96	1.351960e+05	3.514439e+01	6.360014e+00	77.68	90.625606	4438	3.142e-02
135kHz_100dA_100Mss_bobN5NE0114.txt	97.61	22.20	92.90	3.17	38460.00	410.68	1.351656e+05	3.502948e+01	6.352029e+00	69.38	81.174456	4439	3.135e-02
135kHz_100dA_100Mss_bobN5NE0115.txt	98.13	22.20	95.66	3.23	38460.00	417.92	1.351960e+05	3.554634e+01	6.357832e+00	76.34	88.040170	4438	3.160e-02
135kHz_100dA_100Mss_bobN5NE0116.txt	98.65	22.20	91.08	3.14	38460.00	403.98	1.351960e+05	3.447601e+01	6.349250e+00	65.54	77.889002	4438	3.106e-02
135kHz_100dA_100Mss_bobN5NE0117.txt	99.19	22.20	92.80	3.21	38460.00	396.35	1.351960e+05	3.394129e+01	6.354897e+00	70.03	84.568041	4438	3.083e-02
135kHz_100dA_100Mss_bobN5NE0118.txt	99.69	22.20	91.81	3.15	38460.00	406.40	1.351960e+05	3.471371e+01	6.350772e+00	67.51	79.689451	4438	3.116e-02
135kHz_100dA_100Mss_bobN5NE0119.txt	100.21	22.22	91.63	3.16	38460.00	402.24	1.351960e+05	3.440734e+01	6.351330e+00	67.47	80.348580	4438	3.113e-02
135kHz_100dA_100Mss_bobN5NE0120.txt	100.73	22.27	92.81	3.20	38460.00	403.19	1.351656e+05	3.451081e+01	6.353846e+00	70.15	83.326032	4439	3.110e-02
135kHz_100dA_100Mss_bobN5NE0121.txt	101.25	22.28	93.11	3.20	38460.00	405.17	1.351960e+05	3.465621e+01	6.353991e+00	70.60	83.497235	4438	3.111e-02
135kHz_100dA_100Mss_bobN5NE0122.txt	101.77	22.22	93.62	3.21	38460.00	406.92	1.351656e+05	3.478024e+01	6.355687e+00	72.53	85.503972	4439	3.121e-02
135kHz_100dA_100Mss_bobN5NE0123.txt	102.29	22.23	94.13	3.27	38460.00	398.17	1.351656e+05	3.390865e+01	6.359285e+00	74.22	89.763927	4439	3.085e-02
135kHz_100dA_100Mss_bobN5NE0124.txt	102.81	22.28	94.42	3.24	38460.00	406.48	1.351656e+05	3.457672e+01	6.357646e+00	74.06	87.823928	4439	3.117e-02
135kHz_100dA_100Mss_bobN5NE0125.txt	103.32	22.30	94.13	3.21	38460.00	411.27	1.351656e+05	3.504175e+01	6.356007e+00	73.40	85.883450	4439	3.134e-02
135kHz_100dA_100Mss_bobN5NE0126.txt	103.83	22.30	92.53	3.16	38460.00	410.78	1.351656e+05	3.503696e+01	6.351954e+00	69.31	81.087800	4439	3.144e-02
135kHz_100dA_100Mss_bobN5NE0127.txt	104.35	22.30	96.98	3.28	38460.00	419.67	1.351960e+05	3.551518e+01	6.361525e+00	80.04	92.416540	4438	3.165e-02
135kHz_100dA_100Mss_bobN5NE0128.txt	104.93	22.30	93.05	3.20	38460.00	406.63	1.351656e+05	3.476465e+01	6.353948e+00	70.77	83.445661	4439	3.120e-02
135kHz_100dA_100Mss_bobN5NE0129.txt	105.45	22.34	95.35	3.26	38460.00	410.29	1.351960e+05	3.489833e+01	6.359453e+00	76.57	89.963490	4438	3.128e-02
135kHz_100dA_100Mss_bobN5NE0130.txt	105.98	22.40	93.60	3.21	38460.00	405.11	1.351656e+05	3.455551e+01	6.356023e+00	72.40	85.903418	4439	3.121e-02
135kHz_100dA_100Mss_bobN5NE0131.txt	106.64	22.40	92.16	3.17	38460.00	405.88	1.351960e+05	3.466669e+01	6.351669e+00	68.31	80.750308	4438	3.117e-02
135kHz_100dA_100Mss_bobN5NE0132.txt	107.17	22.40	95.29	3.25	38460.00	413.74	1.351960e+05	3.517336e+01	6.358423e+00	76.13	88.742767	4438	3.147e-02
135kHz_100dA_100Mss_bobN5NE0133.txt	108.19	22.40	95.49	3.27	38460.00	408.11	1.351960e+05	3.473511e+01	6.360394e+00	77.15	91.077386	4438	3.124e-02
135kHz_100dA_100Mss_bobN5NE0134.txt	108.7	22.40	92.19	3.18	38460.00	402.50	1.351656e+05	3.441533e+01	6.352537e+00	68.66	81.777064	4439	3.104e-02
135kHz_100dA_100Mss_bobN5NE0135.txt	109.22	22.42	93.49	3.21	38460.00	403.54	1.351656e+05	3.455681e+01	6.355283e+00	71.67	85.026898	4439	3.122e-02
135kHz_100dA_100Mss_bobN5NE0136.txt	109.76	22.48	91.82	3.14	38460.00	412.02	1.351656e+05	3.512090e+01	6.350475e+00	67.99	79.337225	4439	3.133e-02
135kHz_100dA_100Mss_bobN5NE0137.txt	110.26	22.50	94.08	3.22	38460.00	410.46	1.351960e+05	3.490908e+01	6.356292e+00	73.43	86.220413	4438	3.123e-02
135kHz_100dA_100Mss_bobN5NE0138.txt	110.77	22.50	94.14	3.22	38460.00	407.96	1.351656e+05	3.478916e+01	6.356633e+00	73.50	86.624733	4439	3.130e-02
135kHz_100dA_100Mss_bobN5NE0139.txt	111.28	22.50	93.22	3.20	38460.00	404.55	1.351960e+05	3.453647e+01	6.354856e+00	71.22	84.520506	4438	3.123e-02
135kHz_100dA_100Mss_bobN5NE0140.txt	111.89	22.50	94.30	3.24	38460.00	406.53	1.351656e+05	3.472834e+01	6.357104e+00	73.84	87.180443	4439	3.116e-02
135kHz_100dA_100Mss_bobN5NE0141.txt	112.41	22.50	91.70	3.16	38460.00	405.86	1.351656e+05	3.467109e+01	6.351127e+00	67.77	80.108329	4439	3.111e-02
135kHz_100dA_100Mss_bobN5NE0142.txt	112.91	22.50	94.63	3.23	38460.00	411.13	1.351960e+05	3.500327e+01	6.357239e+00	74.58	87.339617	4438	3.136e-02
135kHz_100dA_100Mss_bobN5NE0143.txt	113.43	22.50	93.65	3.21	38460.00	409.35	1.351960e+05	3.491450e+01	6.355219e+00	72.36	84.948993	4438	3.126e-02
135kHz_100dA_100Mss_bobN5NE0144.txt	113.94	22.50	92.75	3.17	38460.00	407.74	1.351960e+05	3.481974e+01	6.352470e+00	69.42	81.696040	4438	3.127e-02
135kHz_100dA_100Mss_bobN5NE0145.txt	114.72	22.50	93.34	3.19	38460.00	411.70	1.351960e+05	3.512823e+01	6.353786e+00	71.36	83.253493	4438	3.135e-02
135kHz_100dA_100Mss_bobN5NE0146.txt	115.22	22.50	93.74	3.20	38460.00	408.88	1.351960e+05	3.489775e+01	6.355284e+00	72.39	85.026969	4438	3.141e-02
135kHz_100dA_100Mss_bobN5NE0147.txt	115.73	22.50	93.97	3.24	38460.00	402.99	1.351656e+05	3.442390e+01	6.357174e+00	73.26	87.263876	4439	3.108e-02
135kHz_100dA_100Mss_bobN5NE0148.txt	116.24	22.52	93.95	3.21	38460.00	408.00	1.351656e+05	3.483714e+01	6.355981e+00	72.95	85.852103	4439	3.128e-02
135kHz_100dA_100Mss_bobN5NE0149.txt	116.86	22.59	93.43	3.21	38460.00	406.57	1.351656e+05	3.471575e+01	6.355107e+00	71.82	84.816476	4439	3.111e-02
135kHz_100dA_100Mss_bobN5NE0150.txt	117.38	22.60	93.67	3.22	38460.00	404.70	1.351960e+05	3.458669e+01	6.355761e+00	72.22	85.592550	4438	3.123e-02
135kHz_100dA_100Mss_bobN5NE0151.txt	117.9	22.60	95.06	3.26	38460.00	409.68	1.351656e+05	3.483943e+01	6.359699e+00	76.67	90.253834	4439	3.116e-02
135kHz_100dA_100Mss_bobN5NE0152.txt	118.92	22.60	93.31	3.20	38460.00	402.96	1.351656e+05	3.443658e+01	6.355653e+00	71.78	85.464745	4439	3.116e-02
135kHz_100dA_100Mss_bobN5NE0153.txt	119.43	22.64	91.21	3.16	38460.00	401.18	1.351656e+05	3.429498e+01	6.351087e+00	66.99	80.062664	4439	3.096e-02
135kHz_100dA_100Mss_bobN5NE0154.txt	119.94	22.69	93.86	3.24	38460.00	400.98	1.351960e+05	3.422915e+01	6.357947e+00	73.62	88.179771	4438	3.107e-02
135kHz_100dA_100Mss_bobN5NE0155.txt	120.46	22.65	92.80	3.21	38460.00	399.95	1.351656e+05	3.420678e+01	6.355539e+00	71.19	85.327144	4439	3.098e-02
135kHz_100dA_100Mss_bobN5NE0156.txt	120.97	22.60	93.88	3.22	38460.00	405.96	1.351960e+05	3.463276e+01	6.356746e+00	73.30	86.753692	4438	3.118e-02
135kHz_100dA_100Mss_bobN5NE0157.txt	121.49	22.65	92.29	3.19	38460.00	400.38	1.351960e+05	3.427011e+01	6.353710e+00	69.54	83.161475	4438	3.098e-02
135kHz_100dA_100Mss_bobN5NE0158.txt	122.01	22.70	93.81	3.23	38460.00	403.92	1.351960e+05	3.444401e+01	6.357269e+00	73.41	87.373765	4438	3.100e-02
135kHz_100dA_100Mss_bobN5NE0159.txt	122.54	22.70	91.88	3.15	38460.00	409.36	1.351960e+05	3.495241e+01	6.351253e+00	68.46	80.256227	4438	3.129e-02
135kHz_100dA_100Mss_bobN5NE0160.txt	123.07	22.70	91.41	3.14	38460.00	403.40	1.351656e+05	3.448244e+01	6.350711e+00	66.99	79.614430	4439	3.118e-02
135kHz_100dA_100Mss_bobN5NE0161.txt	123.59	22.70	91.19	3.14	38460.00	404.12	1.351960e+05	3.450442e+01	6.350307e+00	66.64	79.137391	4438	3.107e-02
135kHz_100dA_100Mss_bobN5NE0162.txt	124.14	22.70	92.67	3.19	38460.00	400.77	1.351960e+05	3.429172e+01	6.354049e+00	69.92	83.562585	4438	3.105e-02
135kHz_100dA_100Mss_bobN5NE0163.txt	124.67	22.70	93.77	3.21	38460.00	408.17	1.351960e+05	3.479407e+01	6.355768e+00	72.66	85.595598	4438	3.115e-02
135kHz_100dA_100Mss_bobN5NE0164.txt	125.19	22.72	90.85	3.13	38460.00	403.48	1.351656e+05	3.445711e+01	6.349845e+00	66.08	78.590042	4439	3.105e-02
135kHz_100dA_100Mss_bobN5NE0165.txt	125.81	22.78	92.03	3.17	38460.00	403.53	1.351960e+05	3.446434e+01	6.352853e+00	69.09	82.149132	4438	3.115e-02
135kHz_100dA_100Mss_bobN5NE0166.txt	126.33	22.80	91.10	3.15	38460.00	400.97	1.351656e+05	3.426822e+01	6.350667e+00	66.53	79.562885	4439	3.097e-02
135kHz_100dA_100Mss_bobN5NE0167.txt	126.83	22.80	92.83	3.19	38460.00	406.70	1.351656e+05	3.472792e+01	6.354526e+00	71.27	84.128748	4439	3.118e-02
135kHz_100dA_100Mss_bobN5NE0168.txt	127.33	22.80	92.90	3.20	38460.00	402.69	1.351656e+05	3.433175e+01	6.355825e+00	71.74	85.666284	4439	3.102e-02
135kHz_100dA_100Mss_bobN5NE0169.txt	127.83	22.80	92.18	3.17	38460.00	407.10	1.351960e+05	3.469554e+01	6.352728e+00	69.43	82.001245	4438	3.116e-02
135kHz_100dA_100Mss_bobN5NE0170.txt	128.34	22.80	94.03	3.24	38460.00	402.95	1.351656e+05	3.435405e+01	6.358760e+00	74.68	89.140800	4439	3.101e-02
135kHz_100dA_100Mss_bobN5NE0171.txt	129.35	22.84	92.06	3.19	38460.00	396.66	1.351656e+05	3.395439e+01	6.354063e+00	69.23	83.581914	4439	3.093e-02
135kHz_100dA_100Mss_bobN5NE0172.txt	129.85	22.88	91.87	3.18	38460.00	397.30	1.351960e+05	3.404199e+01	6.353735e+00	69.10	83.192483	4438	3.095e-02
135kHz_100dA_100Mss_bobN5NE0173.txt	130.35	22.90	91.06	3.17	38460.00	395.80	1.351960e+05	3.388929e+01	6.351602e+00	66.72	80.670066	4438	3.084e-02
135kHz_100dA_100Mss_bobN5NE0174.txt	130.86	22.90	92.12	3.17	38460.00	402.15	1.351960e+05	3.440704e+01	6.353310e+00	69.42	82.687758	4438	3.107e-02
135kHz_100dA_100Mss_bobN5NE0175.txt	131.37	22.90	91.73	3.19	38460.00	393.38	1.351960e+05	3.375149e+01	6.353339e+00	68.13	82.722239	4438	3.080e-02
135kHz_100dA_100Mss_bobN5NE0176.txt	131.88	22.90	92.20	3.19	38460.00	400.57	1.351960e+05	3.429137e+01	6.353470e+00	69.35	82.878688	4438	3.094e-02
135kHz_100dA_100Mss_bobN5NE0177.txt	132.4	22.90	90.51	3.15	38460.00	395.20	1.352265e+05	3.384683e+01	6.350211e+00	65.29	79.020046	4437	3.080e-02
135kHz_100dA_100Mss_bobN5NE0178.txt	132.92	22.90	94.68	3.26	38460.00	405.22	1.351960e+05	3.438753e+01	6.360420e+00	76.41	91.102819	4438	3.109e-02
135kHz_100dA_100Mss_bobN5NE0179.txt	133.46	22.90	94.37	3.27	38460.00	398.68	1.351960e+05	3.392572e+01	6.360613e+00	75.57	91.331758	4438	3.093e-02
135kHz_100dA_100Mss_bobN5NE0180.txt	133.98	22.90	89.97	3.12	38460.00	398.44	1.351960e+05	3.405900e+01	6.348885e+00	64.39	77.454051	4438	3.087e-02
135kHz_100dA_100Mss_bobN5NE0181.txt	134.51	22.90	91.92	3.18	38460.00	397.76	1.351656e+05	3.405664e+01	6.353928e+00	69.31	83.419491	4439	3.096e-02
135kHz_100dA_100Mss_bobN5NE0182.txt	135.05	22.90	91.89	3.18	38460.00	395.78	1.351960e+05	3.392402e+01	6.353682e+00	68.81	83.127825	4438	3.086e-02
135kHz_100dA_100Mss_bobN5NE0183.txt	135.59	22.90	91.68	3.18	38460.00	397.82	1.351960e+05	3.406525e+01	6.353442e+00	68.86	82.844839	4438	3.083e-02
135kHz_100dA_100Mss_bobN5NE0184.txt	136.13	22.90	92.98	3.23	38460.00	394.59	1.351960e+05	3.372654e+01	6.357413e+00	72.03	87.543338	4438	3.085e-02
135kHz_100dA_100Mss_bobN5NE0185.txt	136.65	22.90	92.25	3.20	38460.00	396.91	1.351656e+05	3.391957e+01	6.355571e+00	70.63	85.363591	4439	3.088e-02
135kHz_100dA_100Mss_bobN5NE0186.txt	137.17	22.92	91.98	3.19	38460.00	396.02	1.351656e+05	3.391165e+01	6.354697e+00	69.76	84.330238	4439	3.089e-02
135kHz_100dA_100Mss_bobN5NE0187.txt	137.69	22.97	92.10	3.21	38460.00	392.55	1.351960e+05	3.362355e+01	6.355501e+00	69.96	85.282205	4438	3.079e-02
135kHz_100dA_100Mss_bobN5NE0188.txt	138.2	23.00	93.20	3.23	38460.00	399.75	1.351960e+05	3.406827e+01	6.357806e+00	73.14	88.009497	4438	3.090e-02
135kHz_100dA_100Mss_bobN5NE0189.txt	138.73	23.00	91.81	3.19	38460.00	396.00	1.351960e+05	3.386675e+01	6.354700e+00	69.69	84.332992	4438	3.077e-02
135kHz_100dA_100Mss_bobN5NE0190.txt	139.76	23.00	92.00	3.20	38460.00	397.99	1.351960e+05	3.402076e+01	6.354992e+00	70.29	84.679092	4438	3.072e-02
135kHz_100dA_100Mss_bobN5NE0191.txt	140.27	23.00	90.25	3.13	38460.00	396.26	1.351960e+05	3.391834e+01	6.350175e+00	65.38	78.978428	4438	3.083e-02
135kHz_100dA_100Mss_bobN5NE0192.txt	140.83	23.00	92.01	3.19	38460.00	398.15	1.351960e+05	3.400363e+01	6.354508e+00	69.78	84.103955	4438	3.085e-02
135kHz_100dA_100Mss_bobN5NE0193.txt	141.35	23.04	94.46	3.26	38460.00	399.96	1.351960e+05	3.399199e+01	6.361403e+00	76.49	92.266614	4438	3.100e-02
135kHz_100dA_100Mss_bobN5NE0194.txt	141.88	23.09	92.56	3.22	38460.00	393.94	1.351960e+05	3.360970e+01	6.357319e+00	71.68	87.430665	4438	3.075e-02
135kHz_100dA_100Mss_bobN5NE0195.txt	142.39	23.10	91.45	3.20	38460.00	390.02	1.351960e+05	3.343951e+01	6.354832e+00	68.93	84.486071	4438	3.065e-02
135kHz_100dA_100Mss_bobN5NE0196.txt	142.94	23.10	92.33	3.21	38460.00	393.92	1.351960e+05	3.370555e+01	6.356267e+00	70.87	86.186053	4438	3.071e-02
135kHz_100dA_100Mss_bobN5NE0197.txt	143.45	23.10	91.41	3.18	38460.00	394.25	1.351960e+05	3.376526e+01	6.354539e+00	69.32	84.142204	4438	3.063e-02
135kHz_100dA_100Mss_bobN5NE0198.txt	143.99	23.10	89.63	3.13	38460.00	392.00	1.351960e+05	3.355810e+01	6.350274e+00	64.78	79.095409	4438	3.057e-02
135kHz_100dA_100Mss_bobN5NE0199.txt	144.51	23.10	92.52	3.22	38460.00	392.78	1.351960e+05	3.359141e+01	6.357126e+00	71.46	87.203827	4438	3.066e-02
135kHz_100dA_100Mss_bobN5NE0200.txt	145.04	23.10	90.61	3.17	38460.00	389.15	1.351960e+05	3.336472e+01	6.353335e+00	67.34	82.718220	4438	3.056e-02
135kHz_100dA_100Mss_bobN5NE0201.txt	145.55	23.10	91.09	3.20	38460.00	382.27	1.351960e+05	3.281049e+01	6.355281e+00	68.06	85.019888	4438	3.048e-02
135kHz_100dA_100Mss_bobN5NE0202.txt	146.09	23.10	91.27	3.21	38460.00	383.98	1.351960e+05	3.295001e+01	6.355683e+00	68.73	85.494851	4438	3.045e-02
135kHz_100dA_100Mss_bobN5NE0203.txt	146.61	23.10	90.20	3.19	38460.00	377.84	1.351656e+05	3.253566e+01	6.353955e+00	66.24	83.450909	4439	3.027e-02
135kHz_100dA_100Mss_bobN5NE0204.txt	147.25	23.12	91.04	3.17	38460.00	392.29	1.351960e+05	3.358616e+01	6.354233e+00	68.66	83.778748	4438	3.071e-02
135kHz_100dA_100Mss_bobN5NE0205.txt	147.79	23.18	90.58	3.18	38460.00	381.61	1.352265e+05	3.283465e+01	6.353886e+00	66.81	83.365522	4437	3.043e-02
135kHz_100dA_100Mss_bobN5NE0206.txt	148.31	23.20	90.24	3.18	38460.00	382.08	1.351960e+05	3.274596e+01	6.354731e+00	67.41	84.365080	4438	3.029e-02
135kHz_100dA_100Mss_bobN5NE0207.txt	148.82	23.20	90.10	3.18	38460.00	378.77	1.351960e+05	3.253240e+01	6.353979e+00	66.27	83.476186	4438	3.032e-02
135kHz_100dA_100Mss_bobN5NE0208.txt	149.44	23.16	89.92	3.17	38460.00	384.85	1.352265e+05	3.300981e+01	6.352921e+00	66.25	82.224146	4437	3.036e-02
135kHz_100dA_100Mss_bobN5NE0209.txt	150.5	23.15	87.96	3.10	38460.00	385.99	1.351960e+05	3.307165e+01	6.347298e+00	61.02	75.574854	4438	3.039e-02
135kHz_100dA_100Mss_bobN5NE0210.txt	151.02	23.20	89.24	3.13	38460.00	387.00	1.352265e+05	3.313054e+01	6.350526e+00	64.21	79.389732	4437	3.049e-02
135kHz_100dA_100Mss_bobN5NE0211.txt	151.54	23.20	90.23	3.19	38460.00	380.98	1.351960e+05	3.273755e+01	6.354566e+00	67.24	84.170139	4438	3.033e-02
135kHz_100dA_100Mss_bobN5NE0212.txt	152.07	23.20	88.37	3.12	38460.00	382.98	1.351960e+05	3.286091e+01	6.349419e+00	62.63	78.081934	4438	3.030e-02
135kHz_100dA_100Mss_bobN5NE0213.txt	152.59	23.20	89.72	3.16	38460.00	384.01	1.351960e+05	3.300571e+01	6.352725e+00	66.04	81.990730	4438	3.042e-02
135kHz_100dA_100Mss_bobN5NE0214.txt	153.13	23.21	90.22	3.17	38460.00	385.73	1.351960e+05	3.304738e+01	6.354264e+00	67.59	83.814275	4438	3.044e-02
135kHz_100dA_100Mss_bobN5NE0215.txt	153.64	23.26	88.77	3.15	38460.00	381.83	1.352265e+05	3.278354e+01	6.350720e+00	63.72	79.621356	4437	3.018e-02
135kHz_100dA_100Mss_bobN5NE0216.txt	154.17	23.28	88.41	3.16	38460.00	374.74	1.352265e+05	3.226183e+01	6.350892e+00	62.87	79.824281	4437	2.999e-02
135kHz_100dA_100Mss_bobN5NE0217.txt	154.67	23.23	90.13	3.19	38460.00	381.46	1.352265e+05	3.274587e+01	6.354853e+00	67.54	84.509126	4437	3.024e-02
135kHz_100dA_100Mss_bobN5NE0218.txt	155.21	23.20	89.33	3.16	38460.00	380.78	1.352265e+05	3.274532e+01	6.352153e+00	65.00	81.315916	4437	3.026e-02
135kHz_100dA_100Mss_bobN5NE0219.txt	155.72	23.20	88.56	3.14	38460.00	379.87	1.352265e+05	3.265560e+01	6.350715e+00	63.47	79.615758	4437	3.016e-02
135kHz_100dA_100Mss_bobN5NE0220.txt	156.27	23.23	88.97	3.16	38460.00	379.63	1.351960e+05	3.263458e+01	6.352760e+00	65.33	82.033828	4438	3.016e-02
135kHz_100dA_100Mss_bobN5NE0221.txt	156.78	23.28	89.55	3.16	38460.00	379.66	1.351960e+05	3.264277e+01	6.353702e+00	66.23	83.148909	4438	3.033e-02
135kHz_100dA_100Mss_bobN5NE0222.txt	157.31	23.30	89.56	3.18	38460.00	378.39	1.352265e+05	3.249945e+01	6.354239e+00	66.46	83.783432	4437	3.011e-02
135kHz_100dA_100Mss_bobN5NE0223.txt	157.83	23.30	88.43	3.16	38460.00	373.41	1.352265e+05	3.217480e+01	6.351787e+00	63.53	80.882662	4437	2.991e-02
135kHz_100dA_100Mss_bobN5NE0224.txt	158.38	23.30	90.63	3.22	38460.00	375.24	1.352265e+05	3.220661e+01	6.357637e+00	69.00	87.803142	4437	3.007e-02
135kHz_100dA_100Mss_bobN5NE0225.txt	158.89	23.30	87.69	3.11	38460.00	379.77	1.352265e+05	3.261453e+01	6.349411e+00	62.17	78.070499	4437	3.016e-02
135kHz_100dA_100Mss_bobN5NE0226.txt	159.42	23.30	89.62	3.19	38460.00	376.81	1.352265e+05	3.236292e+01	6.354958e+00	66.85	84.631307	4437	3.006e-02
135kHz_100dA_100Mss_bobN5NE0227.txt	159.95	23.30	87.95	3.14	38460.00	377.06	1.352265e+05	3.239467e+01	6.350383e+00	62.65	79.219436	4437	2.999e-02
135kHz_100dA_100Mss_bobN5NE0228.txt	161.01	23.40	89.59	3.16	38460.00	384.30	1.352265e+05	3.290064e+01	6.353745e+00	66.81	83.196097	4437	3.030e-02
135kHz_100dA_100Mss_bobN5NE0229.txt	161.55	23.40	88.63	3.15	38460.00	378.85	1.351960e+05	3.253410e+01	6.353469e+00	65.79	82.868535	4438	3.000e-02
135kHz_100dA_100Mss_bobN5NE0230.txt	162.06	23.40	88.79	3.14	38460.00	382.01	1.351960e+05	3.278069e+01	6.352732e+00	65.60	81.997847	4438	3.015e-02
135kHz_100dA_100Mss_bobN5NE0231.txt	162.59	23.40	86.41	3.10	38460.00	373.58	1.351960e+05	3.210646e+01	6.348200e+00	60.07	76.639051	4438	2.992e-02
135kHz_100dA_100Mss_bobN5NE0232.txt	163.1	23.40	88.08	3.12	38460.00	380.59	1.351960e+05	3.271504e+01	6.351564e+00	64.37	80.616695	4438	3.019e-02
135kHz_100dA_100Mss_bobN5NE0233.txt	163.64	23.40	87.92	3.14	38460.00	373.29	1.352265e+05	3.215701e+01	6.351551e+00	63.27	80.602116	4437	2.997e-02
135kHz_100dA_100Mss_bobN5NE0234.txt	164.23	23.40	88.43	3.16	38460.00	373.69	1.351960e+05	3.215574e+01	6.353992e+00	65.51	83.487575	4438	2.983e-02
135kHz_100dA_100Mss_bobN5NE0235.txt	164.76	23.40	87.31	3.12	38460.00	374.74	1.352265e+05	3.222072e+01	6.349852e+00	61.83	78.591647	4437	2.992e-02
135kHz_100dA_100Mss_bobN5NE0236.txt	165.35	23.40	88.16	3.14	38460.00	378.72	1.351960e+05	3.254970e+01	6.352322e+00	64.75	81.511945	4438	3.000e-02
135kHz_100dA_100Mss_bobN5NE0237.txt	165.89	23.40	89.10	3.16	38460.00	383.34	1.352265e+05	3.283787e+01	6.354364e+00	67.27	83.927889	4437	3.011e-02
135kHz_100dA_100Mss_bobN5NE0238.txt	166.46	23.40	88.41	3.14	38460.00	379.38	1.352265e+05	3.257465e+01	6.352713e+00	65.18	81.976249	4437	3.006e-02
135kHz_100dA_100Mss_bobN5NE0239.txt	166.98	23.40	88.27	3.16	38460.00	374.67	1.352265e+05	3.219749e+01	6.354032e+00	65.65	83.535924	4437	2.979e-02
135kHz_100dA_100Mss_bobN5NE0240.txt	167.52	23.40	87.43	3.12	38460.00	376.35	1.352265e+05	3.232986e+01	6.350861e+00	62.97	79.785258	4437	2.987e-02
135kHz_100dA_100Mss_bobN5NE0241.txt	168.03	23.40	88.58	3.18	38460.00	372.28	1.352265e+05	3.201584e+01	6.354970e+00	66.14	84.646134	4437	2.977e-02
135kHz_100dA_100Mss_bobN5NE0242.txt	168.57	23.40	88.04	3.16	38460.00	371.73	1.352265e+05	3.198591e+01	6.353894e+00	65.09	83.373270	4437	2.976e-02
135kHz_100dA_100Mss_bobN5NE0243.txt	169.08	23.40	90.15	3.24	38460.00	375.61	1.351960e+05	3.212190e+01	6.360096e+00	71.07	90.714056	4438	2.978e-02
135kHz_100dA_100Mss_bobN5NE0244.txt	169.62	23.40	90.69	3.25	38460.00	374.71	1.351960e+05	3.202006e+01	6.361291e+00	71.95	92.129990	4438	2.983e-02
135kHz_100dA_100Mss_bobN5NE0245.txt	170.15	23.42	88.70	3.22	38460.00	366.53	1.351960e+05	3.148504e+01	6.357539e+00	67.35	87.689189	4438	2.949e-02
135kHz_100dA_100Mss_bobN5NE0246.txt	170.7	23.47	87.56	3.15	38460.00	374.00	1.351960e+05	3.216355e+01	6.352903e+00	64.52	82.202621	4438	2.968e-02
135kHz_100dA_100Mss_bobN5NE0247.txt	171.75	23.42	84.42	3.04	38460.00	373.79	1.351960e+05	3.203458e+01	6.344882e+00	56.88	72.719731	4438	2.950e-02
135kHz_100dA_100Mss_bobN5NE0248.txt	172.27	23.40	86.49	3.11	38460.00	375.23	1.351960e+05	3.220972e+01	6.350317e+00	62.22	79.144863	4438	2.965e-02
135kHz_100dA_100Mss_bobN5NE0249.txt	172.81	23.40	87.05	3.15	38460.00	366.20	1.352265e+05	3.154607e+01	6.353107e+00	63.48	82.442126	4437	2.954e-02
135kHz_100dA_100Mss_bobN5NE0250.txt	173.32	23.43	87.58	3.14	38460.00	374.64	1.351960e+05	3.218238e+01	6.353611e+00	65.21	83.038725	4438	2.973e-02
135kHz_100dA_100Mss_bobN5NE0251.txt	173.96	23.50	88.03	3.19	38460.00	366.04	1.351960e+05	3.143911e+01	6.356872e+00	66.65	86.896638	4438	2.961e-02
135kHz_100dA_100Mss_bobN5NE0252.txt	174.49	23.50	86.52	3.13	38460.00	369.36	1.351960e+05	3.174930e+01	6.351725e+00	62.62	80.807129	4438	2.951e-02
135kHz_100dA_100Mss_bobN5NE0253.txt	175.04	23.50	87.32	3.14	38460.00	373.56	1.351960e+05	3.203675e+01	6.353379e+00	64.70	82.763494	4438	2.963e-02
135kHz_100dA_100Mss_bobN5NE0254.txt	175.55	23.50	86.99	3.13	38460.00	372.82	1.352265e+05	3.203412e+01	6.352016e+00	63.46	81.151906	4437	2.965e-02
135kHz_100dA_100Mss_bobN5NE0255.txt	176.18	23.50	86.24	3.12	38460.00	369.82	1.351960e+05	3.183023e+01	6.351663e+00	62.72	80.734860	4438	2.950e-02
135kHz_100dA_100Mss_bobN5NE0256.txt	176.71	23.50	85.68	3.09	38460.00	372.89	1.351960e+05	3.208296e+01	6.349805e+00	61.50	78.537570	4438	2.956e-02
135kHz_100dA_100Mss_bobN5NE0257.txt	177.23	23.50	85.07	3.08	38460.00	371.18	1.351960e+05	3.187701e+01	6.348251e+00	59.68	76.699108	4438	2.948e-02
135kHz_100dA_100Mss_bobN5NE0258.txt	177.73	23.50	87.51	3.16	38460.00	372.18	1.351960e+05	3.190508e+01	6.355255e+00	66.16	84.984536	4438	2.956e-02
135kHz_100dA_100Mss_bobN5NE0259.txt	178.24	23.50	85.27	3.10	38460.00	367.90	1.352265e+05	3.162236e+01	6.348861e+00	59.78	77.422652	4437	2.945e-02
135kHz_100dA_100Mss_bobN5NE0260.txt	178.76	23.50	86.18	3.13	38460.00	368.24	1.352265e+05	3.164405e+01	6.351525e+00	62.24	80.572881	4437	2.941e-02
135kHz_100dA_100Mss_bobN5NE0261.txt	179.27	23.50	86.01	3.13	38460.00	368.39	1.351960e+05	3.172999e+01	6.351679e+00	62.54	80.754713	4438	2.938e-02
135kHz_100dA_100Mss_bobN5NE0262.txt	179.81	23.50	86.50	3.13	38460.00	370.63	1.352265e+05	3.189138e+01	6.352233e+00	63.38	81.409626	4437	2.952e-02
135kHz_100dA_100Mss_bobN5NE0263.txt	180.37	23.54	85.89	3.13	38460.00	365.12	1.351960e+05	3.139388e+01	6.352637e+00	62.74	81.886066	4438	2.926e-02
135kHz_100dA_100Mss_bobN5NE0264.txt	180.89	23.59	86.29	3.13	38460.00	368.32	1.351960e+05	3.170068e+01	6.353657e+00	64.28	83.093015	4438	2.935e-02
135kHz_100dA_100Mss_bobN5NE0265.txt	181.41	23.60	86.09	3.14	38460.00	365.76	1.351960e+05	3.143797e+01	6.353488e+00	63.59	82.894156	4438	2.920e-02
135kHz_100dA_100Mss_bobN5NE0266.txt	182.43	23.60	88.12	3.19	38460.00	370.28	1.351960e+05	3.167885e+01	6.358160e+00	68.33	88.423580	4438	2.940e-02
135kHz_100dA_100Mss_bobN5NE0267.txt	182.95	23.60	86.89	3.16	38460.00	369.54	1.351960e+05	3.165431e+01	6.355419e+00	65.79	85.177580	4438	2.934e-02
135kHz_100dA_100Mss_bobN5NE0268.txt	183.46	23.60	86.34	3.15	38460.00	366.27	1.351960e+05	3.144289e+01	6.354522e+00	64.54	84.115740	4438	2.928e-02
135kHz_100dA_100Mss_bobN5NE0269.txt	183.96	23.60	86.63	3.14	38460.00	370.94	1.351960e+05	3.178987e+01	6.354733e+00	65.44	84.364791	4438	2.943e-02
135kHz_100dA_100Mss_bobN5NE0270.txt	184.48	23.60	84.85	3.10	38460.00	366.84	1.352265e+05	3.159041e+01	6.349532e+00	60.33	78.213978	4437	2.926e-02
135kHz_100dA_100Mss_bobN5NE0271.txt	184.98	23.60	86.19	3.15	38460.00	366.06	1.351960e+05	3.149956e+01	6.354210e+00	64.37	83.747264	4438	2.916e-02
135kHz_100dA_100Mss_bobN5NE0272.txt	185.49	23.60	85.74	3.13	38460.00	368.64	1.351960e+05	3.163126e+01	6.353120e+00	63.65	82.456601	4438	2.921e-02
135kHz_100dA_100Mss_bobN5NE0273.txt	186.0	23.60	84.41	3.08	38460.00	367.40	1.351960e+05	3.158836e+01	6.349100e+00	59.92	77.704323	4438	2.927e-02
135kHz_100dA_100Mss_bobN5NE0274.txt	186.5	23.65	85.54	3.12	38460.00	368.04	1.351960e+05	3.164651e+01	6.352616e+00	63.22	81.860535	4438	2.926e-02
135kHz_100dA_100Mss_bobN5NE0275.txt	187.02	23.70	86.69	3.16	38460.00	366.75	1.352265e+05	3.142540e+01	6.355654e+00	65.54	85.454111	4437	2.924e-02
135kHz_100dA_100Mss_bobN5NE0276.txt	187.54	23.70	85.92	3.15	38460.00	361.18	1.351960e+05	3.107070e+01	6.354693e+00	63.93	84.319808	4438	2.905e-02
135kHz_100dA_100Mss_bobN5NE0277.txt	188.07	23.70	85.72	3.13	38460.00	364.88	1.351960e+05	3.146088e+01	6.353864e+00	63.98	83.339686	4438	2.916e-02
135kHz_100dA_100Mss_bobN5NE0278.txt	188.59	23.70	83.19	3.07	38460.00	360.82	1.351960e+05	3.106203e+01	6.348056e+00	57.99	76.470580	4438	2.889e-02
135kHz_100dA_100Mss_bobN5NE0279.txt	189.13	23.71	85.33	3.12	38460.00	366.22	1.352265e+05	3.146504e+01	6.352423e+00	62.70	81.634270	4437	2.919e-02
135kHz_100dA_100Mss_bobN5NE0280.txt	189.64	23.76	84.77	3.10	38460.00	368.16	1.352265e+05	3.164359e+01	6.351149e+00	61.90	80.126253	4437	2.916e-02
135kHz_100dA_100Mss_bobN5NE0281.txt	190.17	23.78	85.56	3.14	38460.00	362.53	1.351960e+05	3.117394e+01	6.354447e+00	63.92	84.027876	4438	2.903e-02
135kHz_100dA_100Mss_bobN5NE0282.txt	190.69	23.73	85.44	3.16	38460.00	361.29	1.351960e+05	3.107134e+01	6.355275e+00	64.45	85.006352	4438	2.885e-02
135kHz_100dA_100Mss_bobN5NE0283.txt	191.24	23.70	83.89	3.08	38460.00	365.46	1.351960e+05	3.139380e+01	6.349659e+00	60.05	78.364413	4438	2.908e-02
135kHz_100dA_100Mss_bobN5NE0284.txt	191.75	23.70	84.51	3.11	38460.00	364.14	1.351960e+05	3.125631e+01	6.351724e+00	61.64	80.806105	4438	2.895e-02
135kHz_100dA_100Mss_bobN5NE0285.txt	192.78	23.70	84.78	3.12	38460.00	361.44	1.351960e+05	3.107070e+01	6.354022e+00	63.33	83.522759	4438	2.890e-02
135kHz_100dA_100Mss_bobN5NE0286.txt	193.28	23.73	85.91	3.17	38460.00	359.95	1.351960e+05	3.089647e+01	6.357168e+00	65.76	87.247139	4438	2.888e-02
135kHz_100dA_100Mss_bobN5NE0287.txt	193.8	23.78	82.74	3.07	38460.00	354.72	1.351960e+05	3.060221e+01	6.348603e+00	57.61	77.115271	4438	2.875e-02
135kHz_100dA_100Mss_bobN5NE0288.txt	194.3	23.77	84.42	3.12	38460.00	360.14	1.352265e+05	3.101448e+01	6.352210e+00	61.61	81.381861	4437	2.885e-02
135kHz_100dA_100Mss_bobN5NE0289.txt	194.81	23.72	84.19	3.11	38460.00	362.02	1.351960e+05	3.114270e+01	6.352286e+00	61.92	81.471003	4438	2.883e-02
135kHz_100dA_100Mss_bobN5NE0290.txt	195.32	23.73	85.59	3.15	38460.00	366.18	1.352265e+05	3.133758e+01	6.355435e+00	65.16	85.196481	4437	2.900e-02
135kHz_100dA_100Mss_bobN5NE0291.txt	195.84	23.78	83.95	3.10	38460.00	360.37	1.352265e+05	3.104280e+01	6.351593e+00	61.12	80.649567	4437	2.889e-02
135kHz_100dA_100Mss_bobN5NE0292.txt	196.35	23.80	84.71	3.13	38460.00	359.55	1.351960e+05	3.092466e+01	6.354817e+00	63.74	84.464099	4438	2.879e-02
135kHz_100dA_100Mss_bobN5NE0293.txt	196.87	23.80	85.21	3.15	38460.00	363.00	1.351960e+05	3.110674e+01	6.356046e+00	65.21	85.920092	4438	2.885e-02
135kHz_100dA_100Mss_bobN5NE0294.txt	197.37	23.80	82.96	3.09	38460.00	356.54	1.351960e+05	3.076044e+01	6.350643e+00	59.71	79.527998	4438	2.857e-02
135kHz_100dA_100Mss_bobN5NE0295.txt	197.89	23.80	83.96	3.11	38460.00	359.42	1.351960e+05	3.086965e+01	6.353222e+00	62.21	82.580113	4438	2.873e-02
135kHz_100dA_100Mss_bobN5NE0296.txt	198.42	23.80	83.52	3.10	38460.00	358.89	1.351960e+05	3.091697e+01	6.352736e+00	61.87	82.003728	4438	2.864e-02
135kHz_100dA_100Mss_bobN5NE0297.txt	198.94	23.80	83.39	3.10	38460.00	357.10	1.352265e+05	3.076440e+01	6.350824e+00	59.89	79.743951	4437	2.871e-02
135kHz_100dA_100Mss_bobN5NE0298.txt	199.54	23.80	83.90	3.12	38460.00	355.95	1.351960e+05	3.067529e+01	6.353670e+00	62.21	83.109292	4438	2.865e-02
135kHz_100dA_100Mss_bobN5NE0299.txt	200.43	23.80	83.09	3.09	38460.00	355.30	1.352265e+05	3.060363e+01	6.351180e+00	59.89	80.164492	4437	2.867e-02
135kHz_100dA_100Mss_bobN5NE0300.txt	200.97	23.80	82.57	3.05	38460.00	363.58	1.352265e+05	3.123439e+01	6.347913e+00	58.19	76.300739	4437	2.892e-02
135kHz_100dA_100Mss_bobN5NE0301.txt	201.51	23.80	83.23	3.10	38460.00	354.37	1.351960e+05	3.054037e+01	6.352984e+00	61.34	82.297785	4438	2.854e-02
135kHz_100dA_100Mss_bobN5NE0302.txt	202.02	23.80	84.15	3.14	38460.00	358.32	1.352265e+05	3.077452e+01	6.354796e+00	63.42	84.441999	4437	2.859e-02
135kHz_100dA_100Mss_bobN5NE0303.txt	202.55	23.80	85.03	3.16	38460.00	361.89	1.352265e+05	3.101514e+01	6.356176e+00	65.15	86.075758	4437	2.873e-02
135kHz_100dA_100Mss_bobN5NE0304.txt	203.59	23.80	83.14	3.10	38460.00	356.96	1.351960e+05	3.068067e+01	6.352741e+00	61.40	82.010228	4438	2.851e-02
135kHz_100dA_100Mss_bobN5NE0305.txt	204.12	23.81	82.42	3.08	38460.00	359.37	1.351960e+05	3.092520e+01	6.350607e+00	60.00	79.483650	4438	2.850e-02
135kHz_100dA_100Mss_bobN5NE0306.txt	204.64	23.86	81.88	3.05	38460.00	357.19	1.351960e+05	3.076888e+01	6.349461e+00	58.68	78.130359	4438	2.853e-02
135kHz_100dA_100Mss_bobN5NE0307.txt	205.15	23.90	83.41	3.12	38460.00	357.91	1.352265e+05	3.079053e+01	6.353384e+00	62.21	82.768688	4437	2.846e-02
135kHz_100dA_100Mss_bobN5NE0308.txt	205.68	23.90	81.67	3.06	38460.00	356.29	1.352265e+05	3.066676e+01	6.348205e+00	57.39	76.644519	4437	2.848e-02
135kHz_100dA_100Mss_bobN5NE0309.txt	206.2	23.90	82.49	3.10	38460.00	351.64	1.351960e+05	3.029268e+01	6.352751e+00	60.64	82.021610	4438	2.830e-02
135kHz_100dA_100Mss_bobN5NE0310.txt	206.71	23.90	81.57	3.07	38460.00	348.47	1.351960e+05	3.012649e+01	6.350772e+00	58.59	79.681101	4438	2.827e-02
135kHz_100dA_100Mss_bobN5NE0311.txt	207.22	23.90	81.96	3.08	38460.00	353.46	1.351960e+05	3.041001e+01	6.351259e+00	59.57	80.258683	4438	2.836e-02
135kHz_100dA_100Mss_bobN5NE0312.txt	207.72	23.90	82.43	3.09	38460.00	353.91	1.351960e+05	3.048212e+01	6.352273e+00	60.60	81.458137	4438	2.840e-02
135kHz_100dA_100Mss_bobN5NE0313.txt	208.23	23.90	82.47	3.08	38460.00	358.67	1.351960e+05	3.090671e+01	6.351362e+00	60.63	80.377421	4438	2.850e-02
135kHz_100dA_100Mss_bobN5NE0314.txt	208.73	23.90	81.78	3.07	38460.00	354.01	1.351960e+05	3.050814e+01	6.350537e+00	59.13	79.401398	4438	2.836e-02
135kHz_100dA_100Mss_bobN5NE0315.txt	209.24	23.90	82.06	3.08	38460.00	351.31	1.352265e+05	3.033819e+01	6.350908e+00	59.13	79.840560	4437	2.836e-02
135kHz_100dA_100Mss_bobN5NE0316.txt	209.75	23.90	81.85	3.08	38460.00	352.73	1.352265e+05	3.041369e+01	6.350893e+00	59.27	79.823836	4437	2.833e-02
135kHz_100dA_100Mss_bobN5NE0317.txt	210.25	23.90	81.13	3.07	38460.00	350.79	1.352265e+05	3.022516e+01	6.349022e+00	57.27	77.609646	4437	2.817e-02
135kHz_100dA_100Mss_bobN5NE0318.txt	210.75	23.90	81.24	3.03	38460.00	356.44	1.351960e+05	3.071591e+01	6.349225e+00	58.37	77.850309	4438	2.848e-02
135kHz_100dA_100Mss_bobN5NE0319.txt	211.25	23.90	81.05	3.02	38460.00	360.13	1.352265e+05	3.094053e+01	6.347316e+00	57.11	75.593619	4437	2.855e-02
135kHz_100dA_100Mss_bobN5NE0320.txt	211.77	23.90	81.38	3.07	38460.00	353.01	1.351960e+05	3.040107e+01	6.351083e+00	59.40	80.048042	4438	2.824e-02
135kHz_100dA_100Mss_bobN5NE0321.txt	212.27	23.90	79.50	3.00	38460.00	352.57	1.351960e+05	3.034996e+01	6.346012e+00	54.87	74.053040	4438	2.816e-02
135kHz_100dA_100Mss_bobN5NE0322.txt	212.79	23.90	80.57	3.03	38460.00	354.04	1.351960e+05	3.048554e+01	6.348405e+00	57.21	76.881627	4438	2.826e-02
135kHz_100dA_100Mss_bobN5NE0323.txt	213.81	23.90	79.65	3.03	38460.00	349.40	1.351960e+05	3.010652e+01	6.347317e+00	55.56	75.596865	4438	2.804e-02
135kHz_100dA_100Mss_bobN5NE0324.txt	214.32	23.90	80.58	3.05	38460.00	347.20	1.351960e+05	3.001552e+01	6.349490e+00	57.27	78.167582	4438	2.813e-02
135kHz_100dA_100Mss_bobN5NE0325.txt	214.83	23.90	81.82	3.09	38460.00	352.71	1.352265e+05	3.030462e+01	6.352671e+00	60.60	81.927929	4437	2.823e-02
135kHz_100dA_100Mss_bobN5NE0326.txt	215.33	23.93	80.51	3.05	38460.00	349.95	1.352265e+05	3.011379e+01	6.349604e+00	57.57	78.300755	4437	2.811e-02
135kHz_100dA_100Mss_bobN5NE0327.txt	215.84	23.98	80.09	3.01	38460.00	357.60	1.351960e+05	3.073314e+01	6.347166e+00	56.59	75.418514	4438	2.830e-02
135kHz_100dA_100Mss_bobN5NE0328.txt	216.36	24.00	81.83	3.10	38460.00	351.24	1.351960e+05	3.019561e+01	6.353404e+00	61.01	82.795290	4438	2.811e-02
135kHz_100dA_100Mss_bobN5NE0329.txt	216.86	24.00	80.58	3.07	38460.00	349.12	1.351960e+05	3.011996e+01	6.351048e+00	58.82	80.008883	4438	2.794e-02
135kHz_100dA_100Mss_bobN5NE0330.txt	217.35	24.00	80.62	3.06	38460.00	348.49	1.351960e+05	3.005954e+01	6.350761e+00	58.45	79.671136	4438	2.796e-02
135kHz_100dA_100Mss_bobN5NE0331.txt	217.86	24.00	81.43	3.11	38460.00	345.59	1.351960e+05	2.976261e+01	6.353937e+00	60.59	83.426757	4438	2.796e-02
135kHz_100dA_100Mss_bobN5NE0332.txt	218.37	24.00	81.14	3.09	38460.00	348.28	1.351960e+05	2.997801e+01	6.352895e+00	60.13	82.194454	4438	2.789e-02
135kHz_100dA_100Mss_bobN5NE0333.txt	218.86	24.00	82.23	3.12	38460.00	351.42	1.351960e+05	3.014811e+01	6.355966e+00	63.13	85.828006	4438	2.800e-02
135kHz_100dA_100Mss_bobN5NE0334.txt	219.37	24.00	80.66	3.08	38460.00	345.38	1.352265e+05	2.979309e+01	6.351647e+00	58.70	80.716474	4437	2.791e-02
135kHz_100dA_100Mss_bobN5NE0335.txt	219.88	24.00	78.96	3.01	38460.00	348.16	1.351960e+05	3.000826e+01	6.347180e+00	55.26	75.433977	4438	2.786e-02
135kHz_100dA_100Mss_bobN5NE0336.txt	220.41	24.00	80.10	3.06	38460.00	343.53	1.351960e+05	2.963957e+01	6.351829e+00	58.54	80.930090	4438	2.788e-02
135kHz_100dA_100Mss_bobN5NE0337.txt	220.92	24.00	79.88	3.05	38460.00	347.66	1.351960e+05	2.996413e+01	6.349768e+00	57.41	78.493257	4438	2.783e-02
135kHz_100dA_100Mss_bobN5NE0338.txt	221.43	24.00	80.71	3.06	38460.00	348.75	1.351960e+05	3.007770e+01	6.351425e+00	59.06	80.453536	4438	2.799e-02
135kHz_100dA_100Mss_bobN5NE0339.txt	222.06	24.00	81.03	3.08	38460.00	349.52	1.351960e+05	3.011629e+01	6.352868e+00	60.38	82.160931	4438	2.792e-02
135kHz_100dA_100Mss_bobN5NE0340.txt	222.57	24.00	80.62	3.06	38460.00	350.29	1.351960e+05	3.012252e+01	6.351503e+00	59.21	80.542453	4438	2.800e-02
135kHz_100dA_100Mss_bobN5NE0341.txt	223.08	24.00	80.37	3.08	38460.00	346.20	1.352265e+05	2.978815e+01	6.352017e+00	59.01	81.149978	4437	2.785e-02
135kHz_100dA_100Mss_bobN5NE0342.txt	224.09	24.00	82.26	3.14	38460.00	346.95	1.352265e+05	2.982181e+01	6.356768e+00	63.15	86.771777	4437	2.790e-02
135kHz_100dA_100Mss_bobN5NE0343.txt	224.6	24.00	79.75	3.05	38460.00	344.15	1.351960e+05	2.969345e+01	6.350598e+00	57.60	79.471431	4438	2.782e-02
135kHz_100dA_100Mss_bobN5NE0344.txt	225.1	24.01	79.43	3.02	38460.00	348.90	1.351960e+05	3.007941e+01	6.348906e+00	56.89	77.471616	4438	2.797e-02
135kHz_100dA_100Mss_bobN5NE0345.txt	225.62	24.06	79.88	3.04	38460.00	349.99	1.352265e+05	3.013070e+01	6.348795e+00	56.90	77.339032	4437	2.796e-02
135kHz_100dA_100Mss_bobN5NE0346.txt	226.12	24.10	78.56	3.00	38460.00	346.13	1.352265e+05	2.982068e+01	6.346946e+00	54.73	75.154013	4437	2.786e-02
135kHz_100dA_100Mss_bobN5NE0347.txt	226.62	24.10	79.98	3.06	38460.00	348.16	1.351960e+05	2.997725e+01	6.351229e+00	58.69	80.219317	4438	2.782e-02
135kHz_100dA_100Mss_bobN5NE0348.txt	227.14	24.10	80.75	3.07	38460.00	350.03	1.351960e+05	3.013589e+01	6.352875e+00	60.43	82.165876	4438	2.792e-02
135kHz_100dA_100Mss_bobN5NE0349.txt	227.65	24.10	81.64	3.12	38460.00	346.54	1.351960e+05	2.978142e+01	6.357124e+00	63.35	87.191354	4438	2.776e-02
135kHz_100dA_100Mss_bobN5NE0350.txt	228.14	24.10	81.28	3.09	38460.00	352.52	1.351960e+05	3.015908e+01	6.355370e+00	62.64	85.118694	4438	2.796e-02
135kHz_100dA_100Mss_bobN5NE0351.txt	228.63	24.10	79.02	3.01	38460.00	351.38	1.351960e+05	3.025562e+01	6.348530e+00	56.89	77.028580	4438	2.788e-02
135kHz_100dA_100Mss_bobN5NE0352.txt	229.12	24.10	80.09	3.07	38460.00	345.04	1.351960e+05	2.973253e+01	6.352931e+00	59.67	82.233225	4438	2.768e-02
135kHz_100dA_100Mss_bobN5NE0353.txt	229.63	24.10	80.58	3.07	38460.00	348.66	1.351960e+05	2.999645e+01	6.353497e+00	60.69	82.902060	4438	2.788e-02
135kHz_100dA_100Mss_bobN5NE0354.txt	230.12	24.10	79.78	3.08	38460.00	339.44	1.352265e+05	2.926865e+01	6.352612e+00	58.48	81.854635	4437	2.761e-02
135kHz_100dA_100Mss_bobN5NE0355.txt	230.64	24.10	79.20	3.06	38460.00	340.92	1.352265e+05	2.944694e+01	6.350845e+00	57.34	79.766084	4437	2.762e-02
135kHz_100dA_100Mss_bobN5NE0356.txt	231.15	24.10	79.86	3.07	38460.00	344.07	1.351960e+05	2.963539e+01	6.352908e+00	59.45	82.204728	4438	2.762e-02
135kHz_100dA_100Mss_bobN5NE0357.txt	231.66	24.10	78.63	3.04	38460.00	341.12	1.351960e+05	2.947188e+01	6.349662e+00	56.38	78.366674	4438	2.752e-02
135kHz_100dA_100Mss_bobN5NE0358.txt	232.16	24.10	79.86	3.07	38460.00	345.68	1.352265e+05	2.970578e+01	6.352329e+00	59.11	81.522490	4437	2.771e-02
135kHz_100dA_100Mss_bobN5NE0359.txt	232.68	24.10	79.37	3.07	38460.00	337.81	1.352265e+05	2.916538e+01	6.352177e+00	57.91	81.340238	4437	2.754e-02
135kHz_100dA_100Mss_bobN5NE0360.txt	233.16	24.10	79.87	3.08	38460.00	343.62	1.351960e+05	2.959629e+01	6.353590e+00	59.95	83.012269	4438	2.755e-02
135kHz_100dA_100Mss_bobN5NE0361.txt	234.43	24.10	78.62	3.04	38460.00	339.60	1.351960e+05	2.929905e+01	6.350757e+00	56.97	79.662939	4438	2.749e-02
135kHz_100dA_100Mss_bobN5NE0362.txt	234.94	24.10	78.29	3.02	38460.00	344.56	1.352265e+05	2.970618e+01	6.348269e+00	55.65	76.721092	4437	2.764e-02
135kHz_100dA_100Mss_bobN5NE0363.txt	235.43	24.10	79.79	3.10	38460.00	335.38	1.352265e+05	2.897292e+01	6.354075e+00	59.11	83.587876	4437	2.744e-02
135kHz_100dA_100Mss_bobN5NE0364.txt	235.93	24.10	79.63	3.09	38460.00	337.11	1.351960e+05	2.906517e+01	6.354462e+00	59.61	84.045139	4438	2.736e-02
135kHz_100dA_100Mss_bobN5NE0365.txt	236.48	24.10	79.62	3.08	38460.00	344.17	1.352265e+05	2.963347e+01	6.352722e+00	59.30	81.987847	4437	2.756e-02
135kHz_100dA_100Mss_bobN5NE0366.txt	236.99	24.10	79.03	3.05	38460.00	339.97	1.351960e+05	2.936297e+01	6.351732e+00	57.92	80.816310	4438	2.751e-02
135kHz_100dA_100Mss_bobN5NE0367.txt	237.62	24.16	79.99	3.10	38460.00	339.66	1.352265e+05	2.925283e+01	6.354662e+00	60.17	84.282978	4437	2.746e-02
135kHz_100dA_100Mss_bobN5NE0368.txt	238.13	24.20	77.96	3.02	38460.00	338.92	1.352265e+05	2.926844e+01	6.349735e+00	56.06	78.454809	4437	2.744e-02
135kHz_100dA_100Mss_bobN5NE0369.txt	238.64	24.20	77.23	3.00	38460.00	339.64	1.351960e+05	2.932196e+01	6.347740e+00	54.47	76.096306	4438	2.736e-02
135kHz_100dA_100Mss_bobN5NE0370.txt	239.13	24.20	76.67	2.98	38460.00	340.46	1.351960e+05	2.935000e+01	6.345692e+00	52.80	73.676582	4438	2.739e-02
135kHz_100dA_100Mss_bobN5NE0371.txt	239.66	24.20	76.97	3.00	38460.00	340.13	1.352265e+05	2.928900e+01	6.346749e+00	53.59	74.925206	4437	2.730e-02
