script internal name (ver:210707): multilognorlanglmfit
data-filename:NE@citrato_250609_C_fit
this-filename:fits/NE@citrato_250609_C_fit.fit.00
[[Definition parameters]]
ndist: 1
weight: sep
[[status]]
Fit succeeded.
[[Fit Statistics]]
    # fitting method   = leastsq
    # function evals   = 96
    # data points      = 125
    # variables        = 5
    chi-square         = 305956.327
    reduced chi-square = 2549.63605
    Akaike info crit   = 985.360489
    Bayesian info crit = 999.502057
[[Variables]]
    N0:    9.3632e+17 +/- 7.5363e+16 (8.05%) (init = 7.912324e+17)
    mu0:   7.08771592 +/- 0.16147893 (2.28%) (init = 7.65)
    sig0:  1.81368253 +/- 0.04699682 (2.59%) (init = 1.596)
    C:     8.5186e-11 +/- 6.9016e-06 (8101724.05%) (init = -0.0001041708)
    T:     300 (fixed)
    dc:   -4.1380e-09 +/- 0.00832175 (201103621.49%) (init = -0.04471084)
[[Correlations]] (unreported correlations are < 0.100)
    C(mu0, sig0) = -0.9978
    C(N0, mu0)   = -0.9966
    C(N0, sig0)  = +0.9889
    C(N0, C)     = -0.9231
    C(mu0, C)    = +0.8944
    C(sig0, C)   = -0.8678
[[Derived Parameters]]
    mean-mu      = 6201+/-1132 mb
    stddev       = 31513+/-7476 mb
    <mu>_mu      = 166356+/-50311 mb
    sum squares  = 2.535882e+02
    m_s          = (5.384+/-1.074)e+01 (units)
[[data]]
-1.900000e+04 -5.211962e+01 1.000000e-03 -5.208777e+01 
-1.800000e+04 -5.181555e+01 1.000000e-03 -5.200302e+01 
-1.700000e+04 -5.172056e+01 1.000000e-03 -5.190948e+01 
-1.600000e+04 -5.172762e+01 1.000000e-03 -5.180570e+01 
-1.500000e+04 -5.168004e+01 1.000000e-03 -5.168984e+01 
-1.400000e+04 -5.143838e+01 1.000000e-03 -5.155963e+01 
-1.300000e+04 -5.147815e+01 1.000000e-03 -5.141216e+01 
-1.200000e+04 -5.128907e+01 1.000000e-03 -5.124366e+01 
-1.100000e+04 -5.113177e+01 9.999975e-04 -5.104916e+01 
-9.999995e+03 -5.083412e+01 1.000000e-03 -5.082193e+01 
-9.000000e+03 -5.064773e+01 1.000003e-03 -5.055268e+01 
-8.000000e+03 -5.021210e+01 1.000003e-03 -5.022810e+01 
-7.000005e+03 -4.981093e+01 9.999950e-04 -4.982839e+01 
-5.999990e+03 -4.933069e+01 1.000008e-03 -4.932268e+01 
-5.000020e+03 -4.873638e+01 1.000003e-03 -4.865977e+01 
-3.999995e+03 -4.781023e+01 9.999775e-04 -4.774704e+01 
-2.999975e+03 -4.643351e+01 1.000003e-03 -4.639598e+01 
-2.000000e+03 -4.418205e+01 1.000011e-03 -4.414199e+01 
-9.999960e+02 -3.955616e+01 1.904754e-03 -3.933962e+01 
-9.499955e+02 -3.915575e+01 2.000050e-02 -3.893951e+01 
-8.999985e+02 -3.874354e+01 2.000060e-02 -3.851170e+01 
-8.499985e+02 -3.825286e+01 1.999970e-02 -3.805276e+01 
-7.999970e+02 -3.775401e+01 2.000080e-02 -3.755874e+01 
-7.500025e+02 -3.717443e+01 1.999990e-02 -3.702501e+01 
-6.999965e+02 -3.663282e+01 2.000000e-02 -3.644565e+01 
-6.500025e+02 -3.601919e+01 2.000110e-02 -3.581401e+01 
-6.000020e+02 -3.534272e+01 1.999940e-02 -3.512131e+01 
-5.499995e+02 -3.453563e+01 2.000000e-02 -3.435684e+01 
-5.000020e+02 -3.365722e+01 1.999900e-02 -3.350707e+01 
-4.499945e+02 -3.267645e+01 2.000090e-02 -3.255394e+01 
-4.000065e+02 -3.152374e+01 2.000110e-02 -3.147436e+01 
-3.500000e+02 -3.018410e+01 1.999860e-02 -3.023498e+01 
-2.999995e+02 -2.861684e+01 2.000020e-02 -2.879007e+01 
-2.500010e+02 -2.668381e+01 2.000030e-02 -2.707046e+01 
-2.000010e+02 -2.429421e+01 3.333472e-02 -2.496621e+01 
-1.900035e+02 -2.372365e+01 9.999250e-02 -2.448478e+01 
-1.799995e+02 -2.312763e+01 9.997501e-02 -2.397843e+01 
-1.699985e+02 -2.249268e+01 1.000075e-01 -2.344524e+01 
-1.600010e+02 -2.184821e+01 1.000100e-01 -2.288248e+01 
-1.500005e+02 -2.114383e+01 1.000075e-01 -2.228658e+01 
-1.400025e+02 -2.037498e+01 9.998000e-02 -2.165407e+01 
-1.299965e+02 -1.957866e+01 9.999250e-02 -2.097977e+01 
-1.200010e+02 -1.869173e+01 1.000375e-01 -2.025961e+01 
-1.100040e+02 -1.777033e+01 1.000000e-01 -1.948629e+01 
-1.000010e+02 -1.675534e+01 9.996901e-02 -1.865143e+01 
-8.999780e+01 -1.565358e+01 9.999525e-02 -1.774548e+01 
-8.000005e+01 -1.449430e+01 1.000388e-01 -1.675630e+01 
-7.000555e+01 -1.320922e+01 9.998550e-02 -1.566722e+01 
-5.999715e+01 -1.174564e+01 9.995302e-02 -1.445385e+01 
-4.999615e+01 -1.019483e+01 1.000118e-01 -1.308738e+01 
-3.999950e+01 -8.375302e+00 1.000445e-01 -1.152177e+01 
-3.000505e+01 -6.479250e+00 1.000285e-01 -9.684457e+00 
-2.000520e+01 -4.476205e+00 1.666368e-01 -7.446560e+00 
-1.800290e+01 -4.039230e+00 4.998875e-01 -6.931345e+00 
-1.600430e+01 -3.603558e+00 5.002126e-01 -6.388259e+00 
-1.400460e+01 -3.150422e+00 4.989895e-01 -5.811983e+00 
-1.199620e+01 -2.709968e+00 4.993565e-01 -5.194881e+00 
-9.999445e+00 -2.276051e+00 5.001544e-01 -4.536553e+00 
-7.997435e+00 -1.837115e+00 5.002257e-01 -3.822515e+00 
-6.001250e+00 -1.408358e+00 5.012902e-01 -3.043809e+00 
-4.007730e+00 -9.620863e-01 4.999894e-01 -2.179866e+00 
-2.001165e+00 -5.210168e-01 4.987829e-01 -1.188498e+00 
2.030370e-03 -6.875014e-02 4.990418e-01 1.357402e-03 
2.006515e+00 3.945398e-01 4.999782e-01 1.191355e+00 
4.002205e+00 8.406918e-01 5.008922e-01 2.177325e+00 
5.999390e+00 1.282544e+00 4.999987e-01 3.043047e+00 
8.002215e+00 1.719954e+00 5.003853e-01 3.824294e+00 
9.996310e+00 2.162397e+00 5.005086e-01 4.535480e+00 
1.199815e+01 2.616773e+00 4.992025e-01 5.195501e+00 
1.400270e+01 3.063674e+00 4.992387e-01 5.811418e+00 
1.600425e+01 3.507334e+00 4.998938e-01 6.388245e+00 
1.800355e+01 3.938683e+00 5.012217e-01 6.931516e+00 
1.999450e+01 4.389734e+00 1.667146e-01 7.443878e+00 
3.000010e+01 6.404666e+00 9.998925e-02 9.683463e+00 
3.999665e+01 8.326874e+00 9.998900e-02 1.152129e+01 
5.000230e+01 1.013658e+01 9.996701e-02 1.308828e+01 
6.000325e+01 1.169306e+01 1.000368e-01 1.445463e+01 
6.999495e+01 1.308934e+01 1.000255e-01 1.566601e+01 
7.999815e+01 1.438164e+01 9.999075e-02 1.675611e+01 
8.999680e+01 1.557516e+01 9.998875e-02 1.774538e+01 
1.000004e+02 1.664294e+01 9.998150e-02 1.865137e+01 
1.100005e+02 1.766928e+01 9.999950e-02 1.948601e+01 
1.200005e+02 1.860269e+01 1.000400e-01 2.025957e+01 
1.299925e+02 1.945347e+01 1.000000e-01 2.097949e+01 
1.400005e+02 2.028309e+01 9.992755e-02 2.165393e+01 
1.500070e+02 2.101718e+01 1.000050e-01 2.228698e+01 
1.599995e+02 2.173626e+01 1.000475e-01 2.288240e+01 
1.699975e+02 2.239957e+01 9.999000e-02 2.344519e+01 
1.800015e+02 2.303947e+01 9.999000e-02 2.397854e+01 
1.899995e+02 2.357361e+01 1.000225e-01 2.448458e+01 
1.999970e+02 2.415938e+01 3.333250e-02 2.496603e+01 
2.500010e+02 2.655478e+01 1.999900e-02 2.707046e+01 
3.000020e+02 2.848255e+01 2.000090e-02 2.879015e+01 
3.499965e+02 3.005880e+01 2.000080e-02 3.023489e+01 
3.999980e+02 3.138912e+01 2.000020e-02 3.147416e+01 
4.499955e+02 3.255476e+01 1.999930e-02 3.255396e+01 
5.000015e+02 3.355634e+01 1.999930e-02 3.350706e+01 
5.499990e+02 3.441913e+01 2.000030e-02 3.435684e+01 
6.000000e+02 3.521700e+01 2.000040e-02 3.512128e+01 
6.499970e+02 3.590062e+01 2.000010e-02 3.581394e+01 
6.999995e+02 3.657356e+01 1.999970e-02 3.644569e+01 
7.499985e+02 3.693310e+01 1.999910e-02 3.702496e+01 
8.000040e+02 3.746341e+01 1.999910e-02 3.755881e+01 
8.500030e+02 3.798110e+01 2.000010e-02 3.805280e+01 
9.000035e+02 3.845479e+01 2.000070e-02 3.851174e+01 
9.499995e+02 3.890188e+01 2.000130e-02 3.893955e+01 
9.999970e+02 3.930582e+01 1.904761e-03 3.933963e+01 
2.000000e+03 4.407848e+01 1.000001e-03 4.414199e+01 
2.999995e+03 4.628574e+01 1.000000e-03 4.639601e+01 
4.000000e+03 4.770056e+01 9.999900e-04 4.774705e+01 
5.000015e+03 4.864306e+01 1.000015e-03 4.865977e+01 
5.999970e+03 4.928239e+01 1.000010e-03 4.932267e+01 
6.999995e+03 4.966545e+01 9.999875e-04 4.982838e+01 
7.999995e+03 5.032889e+01 9.999975e-04 5.022809e+01 
9.000000e+03 5.050866e+01 1.000000e-03 5.055268e+01 
9.999995e+03 5.087898e+01 1.000000e-03 5.082193e+01 
1.100000e+04 5.106040e+01 9.999975e-04 5.104916e+01 
1.200000e+04 5.117547e+01 1.000000e-03 5.124366e+01 
1.300000e+04 5.149724e+01 1.000000e-03 5.141216e+01 
1.400000e+04 5.143055e+01 1.000000e-03 5.155963e+01 
1.500000e+04 5.168225e+01 1.000000e-03 5.168984e+01 
1.600000e+04 5.196459e+01 1.000000e-03 5.180570e+01 
1.700000e+04 5.202863e+01 1.000000e-03 5.190948e+01 
1.800000e+04 5.209164e+01 1.000000e-03 5.200302e+01 
1.900000e+04 5.217111e+01 1.000000e-03 5.208777e+01 
