script internal name (ver:210707): multilognorlanglmfit
data-filename:NE@citrato_250609_C
this-filename:fits/NE@citrato_250609_C.fit.01
[[Definition parameters]]
ndist: 1
weight: sep
[[status]]
Fit succeeded.
[[Fit Statistics]]
    # fitting method   = leastsq
    # function evals   = 106
    # data points      = 125
    # variables        = 5
    chi-square         = 305956.327
    reduced chi-square = 2549.63605
    Akaike info crit   = 985.360489
    Bayesian info crit = 999.502057
[[Variables]]
    N0:    9.3632e+17 +/- 7.5364e+16 (8.05%) (init = 7.912324e+17)
    mu0:   7.08771364 +/- 0.16147852 (2.28%) (init = 7.65)
    sig0:  1.81368320 +/- 0.04699606 (2.59%) (init = 1.596)
    C:     5.9027e-05 +/- 6.9019e-06 (11.69%) (init = -4.514356e-05)
    T:     300 (fixed)
    dc:    0.06223831 +/- 0.00834279 (13.40%) (init = 0.01752747)
[[Correlations]] (unreported correlations are < 0.100)
    C(mu0, sig0) = -0.9978
    C(N0, mu0)   = -0.9966
    C(N0, sig0)  = +0.9889
    C(N0, C)     = -0.9231
    C(mu0, C)    = +0.8944
    C(sig0, C)   = -0.8678
[[Derived Parameters]]
    mean-mu      = 6201+/-1132 mb
    stddev       = 31513+/-7476 mb
    <mu>_mu      = 166356+/-50310 mb
    sum squares  = 2.535891e+02
    m_s          = (5.384+/-1.074)e+01 (units)
[[data]]
-1.900000e+04 -5.317890e+01 1.000000e-03 -5.314705e+01 
-1.800000e+04 -5.281580e+01 1.000000e-03 -5.300327e+01 
-1.700000e+04 -5.266178e+01 1.000000e-03 -5.285071e+01 
-1.600000e+04 -5.260982e+01 1.000000e-03 -5.268790e+01 
-1.500000e+04 -5.250321e+01 1.000000e-03 -5.251301e+01 
-1.400000e+04 -5.220252e+01 1.000000e-03 -5.232378e+01 
-1.300000e+04 -5.218327e+01 1.000000e-03 -5.211728e+01 
-1.200000e+04 -5.193516e+01 1.000000e-03 -5.188975e+01 
-1.100000e+04 -5.171883e+01 9.999975e-04 -5.163622e+01 
-9.999995e+03 -5.136215e+01 1.000000e-03 -5.134997e+01 
-9.000000e+03 -5.111673e+01 1.000003e-03 -5.102169e+01 
-8.000000e+03 -5.062208e+01 1.000003e-03 -5.063808e+01 
-7.000005e+03 -5.016188e+01 9.999950e-04 -5.017934e+01 
-5.999990e+03 -4.962261e+01 1.000008e-03 -4.961460e+01 
-5.000020e+03 -4.896928e+01 1.000003e-03 -4.889267e+01 
-3.999995e+03 -4.798410e+01 9.999775e-04 -4.792091e+01 
-2.999975e+03 -4.654835e+01 1.000003e-03 -4.651082e+01 
-2.000000e+03 -4.423787e+01 1.000011e-03 -4.419781e+01 
-9.999960e+02 -3.955295e+01 1.904754e-03 -3.933641e+01 
-9.499955e+02 -3.914959e+01 2.000050e-02 -3.893335e+01 
-8.999985e+02 -3.873442e+01 2.000060e-02 -3.850258e+01 
-8.499985e+02 -3.824080e+01 1.999970e-02 -3.804069e+01 
-7.999970e+02 -3.773899e+01 2.000080e-02 -3.754373e+01 
-7.500025e+02 -3.715646e+01 1.999990e-02 -3.700704e+01 
-6.999965e+02 -3.661190e+01 2.000000e-02 -3.642473e+01 
-6.500025e+02 -3.599532e+01 2.000110e-02 -3.579015e+01 
-6.000020e+02 -3.531590e+01 1.999940e-02 -3.509448e+01 
-5.499995e+02 -3.450586e+01 2.000000e-02 -3.432707e+01 
-5.000020e+02 -3.362450e+01 1.999900e-02 -3.347435e+01 
-4.499945e+02 -3.264077e+01 2.000090e-02 -3.251827e+01 
-4.000065e+02 -3.148511e+01 2.000110e-02 -3.143573e+01 
-3.500000e+02 -3.014252e+01 1.999860e-02 -3.019340e+01 
-2.999995e+02 -2.857231e+01 2.000020e-02 -2.874554e+01 
-2.500010e+02 -2.663632e+01 2.000030e-02 -2.702298e+01 
-2.000010e+02 -2.424378e+01 3.333472e-02 -2.491579e+01 
-1.900035e+02 -2.367263e+01 9.999250e-02 -2.443376e+01 
-1.799995e+02 -2.307601e+01 9.997501e-02 -2.392682e+01 
-1.699985e+02 -2.244048e+01 1.000075e-01 -2.339304e+01 
-1.600010e+02 -2.179542e+01 1.000100e-01 -2.282969e+01 
-1.500005e+02 -2.109044e+01 1.000075e-01 -2.223320e+01 
-1.400025e+02 -2.032101e+01 9.998000e-02 -2.160010e+01 
-1.299965e+02 -1.952409e+01 9.999250e-02 -2.092521e+01 
-1.200010e+02 -1.863658e+01 1.000375e-01 -2.020446e+01 
-1.100040e+02 -1.771458e+01 1.000000e-01 -1.943055e+01 
-1.000010e+02 -1.669900e+01 9.996901e-02 -1.859509e+01 
-8.999780e+01 -1.559665e+01 9.999525e-02 -1.768856e+01 
-8.000005e+01 -1.443678e+01 1.000388e-01 -1.669879e+01 
-7.000555e+01 -1.315112e+01 9.998550e-02 -1.560912e+01 
-5.999715e+01 -1.168694e+01 9.995302e-02 -1.439515e+01 
-4.999615e+01 -1.013555e+01 1.000118e-01 -1.302810e+01 
-3.999950e+01 -8.315425e+00 1.000445e-01 -1.146190e+01 
-3.000505e+01 -6.418783e+00 1.000285e-01 -9.623995e+00 
-2.000520e+01 -4.415147e+00 1.666368e-01 -7.385507e+00 
-1.800290e+01 -3.978054e+00 4.998875e-01 -6.870173e+00 
-1.600430e+01 -3.542264e+00 5.002126e-01 -6.326970e+00 
-1.400460e+01 -3.089010e+00 4.989895e-01 -5.750575e+00 
-1.199620e+01 -2.648438e+00 4.993565e-01 -5.133354e+00 
-9.999445e+00 -2.214403e+00 5.001544e-01 -4.474909e+00 
-7.997435e+00 -1.775348e+00 5.002257e-01 -3.760752e+00 
-6.001250e+00 -1.346474e+00 5.012902e-01 -2.981928e+00 
-4.007730e+00 -9.000846e-01 4.999894e-01 -2.117866e+00 
-2.001165e+00 -4.588966e-01 4.987829e-01 -1.126380e+00 
2.030370e-03 -6.511714e-03 4.990418e-01 6.359583e-02 
2.006515e+00 4.568966e-01 4.999782e-01 1.253713e+00 
4.002205e+00 9.031663e-01 5.008922e-01 2.239802e+00 
5.999390e+00 1.345137e+00 4.999987e-01 3.105642e+00 
8.002215e+00 1.782665e+00 5.003853e-01 3.887007e+00 
9.996310e+00 2.225226e+00 5.005086e-01 4.598312e+00 
1.199815e+01 2.679719e+00 4.992025e-01 5.258451e+00 
1.400270e+01 3.126738e+00 4.992387e-01 5.874487e+00 
1.600425e+01 3.570517e+00 4.998938e-01 6.451433e+00 
1.800355e+01 4.001984e+00 5.012217e-01 6.994821e+00 
1.999450e+01 4.453153e+00 1.667146e-01 7.507301e+00 
3.000010e+01 6.468675e+00 9.998925e-02 9.747476e+00 
3.999665e+01 8.391473e+00 9.998900e-02 1.158590e+01 
5.000230e+01 1.020177e+01 9.996701e-02 1.315347e+01 
6.000325e+01 1.175884e+01 1.000368e-01 1.452041e+01 
6.999495e+01 1.315571e+01 1.000255e-01 1.573238e+01 
7.999815e+01 1.444860e+01 9.999075e-02 1.682307e+01 
8.999680e+01 1.564271e+01 9.998875e-02 1.781294e+01 
1.000004e+02 1.671108e+01 9.998150e-02 1.871952e+01 
1.100005e+02 1.773801e+01 9.999950e-02 1.955474e+01 
1.200005e+02 1.867201e+01 1.000400e-01 2.032890e+01 
1.299925e+02 1.952338e+01 1.000000e-01 2.104941e+01 
1.400005e+02 2.035359e+01 9.992755e-02 2.172444e+01 
1.500070e+02 2.108827e+01 1.000050e-01 2.235807e+01 
1.599995e+02 2.180794e+01 1.000475e-01 2.295408e+01 
1.699975e+02 2.247185e+01 9.999000e-02 2.351746e+01 
1.800015e+02 2.311233e+01 9.999000e-02 2.405140e+01 
1.899995e+02 2.364706e+01 1.000225e-01 2.455804e+01 
1.999970e+02 2.423342e+01 3.333250e-02 2.504007e+01 
2.500010e+02 2.663178e+01 1.999900e-02 2.714745e+01 
3.000020e+02 2.856250e+01 2.000090e-02 2.887010e+01 
3.499965e+02 3.014169e+01 2.000080e-02 3.031779e+01 
3.999980e+02 3.147497e+01 2.000020e-02 3.156001e+01 
4.499955e+02 3.264356e+01 1.999930e-02 3.264276e+01 
5.000015e+02 3.364809e+01 1.999930e-02 3.359882e+01 
5.499990e+02 3.451383e+01 2.000030e-02 3.445154e+01 
6.000000e+02 3.531466e+01 2.000040e-02 3.521893e+01 
6.499970e+02 3.600122e+01 2.000010e-02 3.591455e+01 
6.999995e+02 3.667712e+01 1.999970e-02 3.654925e+01 
7.499985e+02 3.703961e+01 1.999910e-02 3.713147e+01 
8.000040e+02 3.757287e+01 1.999910e-02 3.766827e+01 
8.500030e+02 3.809351e+01 2.000010e-02 3.816521e+01 
9.000035e+02 3.857016e+01 2.000070e-02 3.862710e+01 
9.499995e+02 3.902020e+01 2.000130e-02 3.905786e+01 
9.999970e+02 3.942709e+01 1.904761e-03 3.946089e+01 
2.000000e+03 4.425878e+01 1.000001e-03 4.432228e+01 
2.999995e+03 4.652506e+01 1.000000e-03 4.663533e+01 
4.000000e+03 4.799890e+01 9.999900e-04 4.804540e+01 
5.000015e+03 4.900043e+01 1.000015e-03 4.901714e+01 
5.999970e+03 4.969879e+01 1.000010e-03 4.973907e+01 
6.999995e+03 5.014088e+01 9.999875e-04 5.030381e+01 
7.999995e+03 5.086335e+01 9.999975e-04 5.076255e+01 
9.000000e+03 5.110214e+01 1.000000e-03 5.114617e+01 
9.999995e+03 5.153149e+01 1.000000e-03 5.147444e+01 
1.100000e+04 5.177193e+01 9.999975e-04 5.176070e+01 
1.200000e+04 5.194603e+01 1.000000e-03 5.201423e+01 
1.300000e+04 5.232683e+01 1.000000e-03 5.224176e+01 
1.400000e+04 5.231917e+01 1.000000e-03 5.244825e+01 
1.500000e+04 5.262990e+01 1.000000e-03 5.263749e+01 
1.600000e+04 5.297127e+01 1.000000e-03 5.281237e+01 
1.700000e+04 5.309434e+01 1.000000e-03 5.297519e+01 
1.800000e+04 5.321637e+01 1.000000e-03 5.312775e+01 
1.900000e+04 5.335486e+01 1.000000e-03 5.327153e+01 
